CP,OUTB,BACK,TOT
ENGM-ENVA,4026,4041,8067
ENBR-ENGM,3739,3732,7471
ENGM-ENZV,3199,3169,6368
EKCH-ENGM,3155,3124,6279
EGLL-EIDW,2911,2915,5826
EKCH-ESSA,2766,2759,5525
EFHK-ESSA,2626,2599,5225
ENBR-ENZV,2606,2595,5201
ENGM-ESSA,2588,2588,5176
EKCH-EKYT,2563,2556,5119
EGKK-EIDW,2129,2131,4260
ENGM-ENTC,2074,2091,4165
EGCC-EIDW,1964,1961,3925
EGPB-EGPD,1923,1909,3832
ESPA-ESSA,1912,1915,3827
EGBB-EIDW,1915,1677,3592
EGLL-EGPH,1785,1782,3567
EGLL-EKCH,1630,1628,3258
EGSS-EIDW,1602,1620,3222
EETN-EFHK,1570,1638,3208
EGPH-EIDW,1575,1574,3149
ENBR-ENVA,1529,1599,3128
ESNU-ESSA,1556,1570,3126
ENBO-ENGM,1511,1527,3038
EGLL-ESSA,1507,1529,3036
EGLL-EGPF,1441,1438,2879
EFHK-EFOU,1398,1401,2799
ESGG-ESSA,1436,1329,2765
EFHK-EKCH,1345,1396,2741
EGLL-ENGM,1296,1287,2583
EGPH-EGSS,1290,1281,2571
ENAL-ENGM,1265,1301,2566
EGLC-EGPH,1252,1245,2497
EFHK-EVRA,1217,1218,2435
EGPF-EIDW,1212,1218,2430
EKCH-EKRN,1187,1184,2371
ESMS-ESSA,1191,1099,2290
ENBO-ENLK,1099,1112,2211
ESMS-ESSB,1083,1077,2160
EGAC-EGLL,1080,1079,2159
ENAL-ENBR,1063,1069,2132
ESSB-ESSV,1066,1063,2129
ENBO-ENTC,1072,1056,2128
EGAA-EGSS,1022,1048,2070
ENEV-ENGM,1018,1017,2035
EGCC-EGLL,1015,1017,2032
ENHF-ENTC,1114,891,2005
ENCN-ENGM,1002,1002,2004
EFHK-EFRO,1003,992,1995
EGJB-EGKK,997,997,1994
ENAT-ENTC,845,1125,1970
EGGD-EIDW,959,958,1917
EGLL-EGPD,957,960,1917
EGKK-EKCH,954,956,1910
EGAA-EGKK,944,944,1888
ENGM-ENHD,941,939,1880
EKCH-ENZV,935,932,1867
ENBR-ENTO,905,927,1832
ENBR-ENCN,904,904,1808
EGAA-EGCC,896,901,1797
ENBO-ENVA,892,891,1783
EKCH-ENBR,882,892,1774
EGGP-EIDW,882,879,1761
EGAA-EGNX,848,855,1703
EGLC-EIDW,852,849,1701
EGKK-EGPF,845,847,1692
ENBO-ENSK,868,814,1682
EFHK-ENGM,846,824,1670
EGAA-EGPH,816,824,1640
ENBR-ENFL,815,808,1623
EGLL-EGNT,807,806,1613
ESGG-ESSB,797,805,1602
EGAA-EGGP,804,794,1598
EGKK-EGPH,796,797,1593
ENBO-ENSH,754,806,1560
EGGP-EGNS,778,775,1553
BIKF-EKCH,778,766,1544
EETN-EVRA,764,764,1528
EGNM-EIDW,749,760,1509
ESNS-ESSA,749,749,1498
EFHK-EGLL,730,735,1465
ENBL-ENGM,732,727,1459
ENTO-ENTO,1459,0,1459
EGAA-EGGW,715,711,1426
EGAC-EGCC,707,704,1411
EFHK-EFKU,701,700,1401
EGGD-EGPH,700,701,1401
ENGM-ENOV,701,700,1401
EGKK-ENGM,696,699,1395
EGJB-EGJJ,701,691,1392
EGJJ-EGLL,694,695,1389
EGAC-EGBB,694,691,1385
EGLL-EICK,690,691,1381
EKAH-EKCH,698,676,1374
EGLC-EGPF,687,685,1372
EGGW-EIDW,682,684,1366
ENBR-ENHD,684,678,1362
EGJA-EGJB,676,685,1361
EGCC-EKCH,673,684,1357
EGAA-EGBB,672,683,1355
EFHK-ESGG,682,671,1353
EGHI-EGJB,667,667,1334
EGJJ-EGKK,663,667,1330
EKCH-EVRA,653,673,1326
EETN-ESSA,657,662,1319
ENGM-ENML,661,657,1318
ESNZ-ESSA,649,646,1295
EKCH-ESGG,654,633,1287
ESSB-ESTA,635,632,1267
EGHI-EGJJ,631,628,1259
EGAA-EGPF,614,625,1239
EGNX-EGPH,608,601,1209
ENBR-ENKB,598,598,1196
ENAL-ENVA,582,604,1186
EGGW-EGPH,591,592,1183
EGKK-ESSA,585,591,1176
EGHI-EGPH,582,582,1164
ESSA-EVRA,575,584,1159
ENLE-ENZV,556,597,1153
EGAC-EGPH,576,567,1143
EGAA-EGGD,575,567,1142
ENBN-ENVA,565,565,1130
EGHI-EGPF,562,561,1123
EGGD-EGPF,553,554,1107
EGPA-EGPD,556,551,1107
EGNX-EIDW,499,605,1104
ENRA-ENVA,544,542,1086
EKCH-EKSB,526,531,1057
ENBR-ENML,529,525,1054
EFHK-EFVA,523,521,1044
EGCC-EGNS,522,519,1041
ENBO-ENRA,508,530,1038
BIKF-EGLL,518,516,1034
EGPF-EGPO,513,516,1029
EGCC-EGPD,515,511,1026
EGSS-EKCH,513,513,1026
EGNT-EIDW,512,512,1024
ENGM-ENSG,590,428,1018
EGAC-EGNM,509,507,1016
ENBR-ENTC,508,501,1009
ENVA-ENZV,470,524,994
EGPD-ENZV,497,494,991
EKCH-EKVG,489,494,983
EGSS-EICK,489,491,980
EKRK-EKRK,980,0,980
EGLL-EINN,485,483,968
ESNU-ESSB,486,478,964
EKCH-ENVA,479,478,957
EGJB-EGNX,475,477,952
ENMS-ENVA,474,476,950
ENBN-ENBO,437,508,945
EGGW-EGPF,471,469,940
ENGM-EVRA,469,471,940
ESSA-ESTA,469,465,934
ENDU-ENGM,459,465,924
ESSA-ESSV,452,461,913
EGAC-EGLC,451,455,906
EGLL-ESGG,452,454,906
EGKK-EGPE,451,450,901
ENFL-ENGM,451,447,898
ENKR-ENTC,428,468,896
ENBO-ENEV,454,434,888
EGAA-EGNT,433,447,880
ESNN-ESSA,438,442,880
ENKR-ENVD,446,428,874
EGSS-EINN,435,433,868
ENNA-ENTC,443,424,867
ENTO-ENVA,433,432,865
EGHQ-EGKK,426,426,852
EGSS-EKBI,430,421,851
ENAN-ENEV,424,427,851
ESNQ-ESSA,422,423,845
EFHK-EFKT,376,468,844
EKBI-ENGM,418,426,844
EIDW-EKCH,420,421,841
ESMT-ESSB,416,415,831
BIKF-ENGM,419,410,829
EGPF-EGSS,417,411,828
EGAC-EGPF,411,407,818
ENGM-ENKB,405,401,806
EGBB-EGPD,395,405,800
ENST-ENVA,392,405,797
ESDF-ESSB,391,398,789
ENTO-ENZV,390,393,783
ENJS-ENZV,366,408,774
EKEB-EKTE,374,399,773
EFHK-EFJY,390,379,769
EGBB-EGPH,388,379,767
EKCH-ENCN,381,380,761
EGBB-EGPF,375,383,758
ESOW-ESOW,758,0,758
ESMQ-ESSA,376,381,757
ENSK-ENTC,370,365,735
EIDW-EIKY,367,366,733
EGCC-EICK,366,364,730
EFHK-EFIV,408,317,725
EGKK-EGPD,359,360,719
EGPE-EGPO,345,364,709
EGPF-EGPI,352,356,708
EFTU-ESSA,353,352,705
ENBO-ENMS,349,356,705
ESNU-ESPA,327,375,702
EGPA-EGPH,348,351,699
ENBO-ENST,331,367,698
ESDF-ESSA,347,351,698
EGAC-EGKK,349,348,697
EIDL-EIDW,345,349,694
ENRM-ENVA,311,375,686
EGPD-EIDW,342,343,685
ESNU-ESNZ,345,337,682
EGHI-EIDW,337,341,678
EGSS-EVRA,336,339,675
BIKF-EGCC,336,338,674
BIKF-EGKK,332,334,666
ENSD-ENSG,244,416,660
EGLL-EGPE,328,328,656
EGHI-EGJA,325,329,654
EGHI-EGNT,329,323,652
ESNX-ESSA,324,326,650
ESNO-ESSA,317,327,644
EFHK-EFKS,320,322,642
EGAC-EGHI,318,319,637
EGKK-EGNS,319,316,635
BIKF-EIDW,313,316,629
EGPH-EKCH,314,314,628
EEKE-EETN,312,309,621
ENNM-ENVA,343,275,618
EGPF-EGPU,306,309,615
EGSS-ESSA,303,309,612
EGGW-EGPE,306,297,603
EGKK-ENBR,301,300,601
ENGM-ENRO,300,300,600
ENAN-ENTC,293,299,592
ESND-ESSA,296,296,592
EGPF-EGPR,300,290,590
EGPD-ENBR,293,294,587
ENSR-ENTC,294,292,586
EEKA-EETN,292,291,583
ENBR-ENOA,304,274,578
ENBO-ENBR,285,291,576
EGPC-EGPD,279,296,575
EGPF-EGPL,291,284,575
ESMQ-ESSB,285,285,570
EGNT-EGPD,286,277,563
BIKF-EFHK,280,277,557
EGPD-EGSH,281,276,557
ENBR-ENSG,280,275,555
BIKF-ESSA,276,276,552
ENTC-ENVA,280,270,550
EGJJ-EGNX,282,266,548
EGKK-EVRA,274,274,548
ESNK-ESSA,273,275,548
ESPA-ESUP,271,277,548
EGNS-EIDW,314,232,546
ENAT-ENGM,274,272,546
ENSB-ENTC,273,273,546
EFMA-ESSA,272,272,544
ESNL-ESSA,274,270,544
EGEC-EGPF,274,269,543
EGGD-EGNT,273,270,543
EGPB-EGPH,273,269,542
EGPH-EICK,271,271,542
ENHF-ENHV,219,323,542
EGPA-EGPE,268,272,540
ESGT-ESSB,269,270,539
EGSS-ENGM,285,253,538
ENGM-ENSD,184,353,537
ENGK-ENGK,535,0,535
ENGM-ENKR,266,267,533
ESNG-ESNX,266,266,532
EGPL-EGPO,272,259,531
ESNL-ESNV,264,267,531
ESMK-ESSB,265,265,530
EGCC-EGJB,265,264,529
EGSS-EIKN,262,262,524
EGAE-EGSS,262,258,520
ENBO-ENVR,261,259,520
EGGD-EGNL,256,260,516
EFHK-EFJO,253,253,506
EIDW-EINN,252,252,504
ENTC-ENVD,181,322,503
EGCC-ENGM,250,250,500
EIDW-ESSA,252,246,498
EGNX-EGPD,245,251,496
EFHK-EFKI,246,244,490
EFHK-EFPO,245,244,489
EFHK-ENBR,242,246,488
EGAC-EGGP,244,244,488
EKDF-EKEB,199,285,484
EGCC-EGHQ,237,244,481
BIKF-EGGW,237,243,480
EGGW-EGJJ,236,242,478
ENGM-ESGG,218,256,474
EFHK-EFKK,283,188,471
EFKE-EFKK,184,280,464
ENBR-ESSA,232,228,460
ENGM-ENOL,231,229,460
EGLF-EGNL,237,220,457
ENHE-ENKB,225,231,456
EGCC-EGPE,223,224,447
ENHK-ENTC,164,278,442
EGTC-EGTK,91,349,440
EKBI-ESSA,221,216,437
ENEV-ENTC,234,199,433
EGNS-EGNX,174,255,429
EGKK-ENZV,213,214,427
ENBR-ENQS,209,216,425
EGGP-EGJJ,213,210,423
EGBB-EGJJ,212,210,422
ESNK-ESUT,207,210,417
ENBR-ENGC,206,210,416
EGCC-EKBI,208,207,415
EGNV-EGPD,203,205,408
EGJJ-EGTE,206,201,407
EGGW-EGLF,218,185,403
ESMX-ESSB,203,200,403
EFHK-EGCC,199,199,398
EGGW-EVRA,196,202,398
EGGW-EIKN,197,200,397
EGSS-ESGG,198,199,397
ESNZ-ESSB,196,199,395
EGGD-EGJJ,199,194,393
EGUN-EGUN,391,0,391
EKCH-ENAL,197,194,391
ENAT-ENHF,230,161,391
ENBR-ENGA,189,196,385
ENHF-ENHK,135,250,385
ENSS-ENVD,121,264,385
BIKF-EGSS,191,191,382
EFHK-ESSB,198,181,379
EGNJ-EGPD,185,192,377
EGPH-ENGM,189,188,377
ESOH-ESST,191,185,376
EFHK-EIDW,188,187,375
EGCC-ESSA,186,189,375
EGKK-EINN,186,189,375
EGHQ-EIDW,187,187,374
EFTP-EVRA,183,189,372
EGNX-EINN,177,194,371
ENSL-ENZV,173,198,371
ENWV-ENZV,190,181,371
EGSS-EKAH,185,184,369
EGGW-EIKY,184,184,368
ENSL-ENXZ,185,183,368
EGBB-EGJB,186,181,367
EGPB-EGPF,177,186,363
ESOH-ESSA,187,176,363
EGKK-EICK,180,180,360
EGLC-EGNS,179,180,359
ESNG-ESNU,162,196,358
ENBS-ENSS,114,241,355
EETN-EKCH,180,171,351
EGPA-EGPF,175,176,351
ENFL-ENSE,173,178,351
EFJY-EFTP,171,177,348
EGLL-EGNS,173,175,348
ESGG-ESOE,118,229,347
EKYT-ENGM,173,171,344
EGGW-EGPD,172,169,341
EFHK-EGSS,168,171,339
ENHV-ENMH,119,220,339
EGLL-EKBI,176,162,338
EIDW-ENGM,168,168,336
ENBR-ENFB,193,142,335
ENEV-ENVA,164,170,334
ENAT-ENKR,148,182,330
BIKF-EGPF,163,166,329
EGGD-EGJB,159,168,327
EICK-EICK,326,0,326
EKCH-EKKA,163,163,326
EGBB-EGNS,163,162,325
ENNM-ENRM,130,195,325
ENBO-ENRS,158,164,322
EGFF-EIDW,162,158,320
EGCC-EGJJ,161,156,317
EGAC-EGTE,154,161,315
EGGP-EIKN,157,158,315
EGLC-EGPN,156,159,315
EEEI-EEEI,313,0,313
ESGG-EVRA,170,143,313
EGAC-EGFF,154,156,310
EGGW-EICK,157,152,309
BIKF-EKBI,149,158,307
EGBB-EGPE,153,154,307
EGPH-EGPO,153,154,307
ENWS-ENZV,152,150,302
EGCC-EINN,152,148,300
EGPH-ESSA,145,155,300
EGGP-EICK,148,151,299
EGFF-EGPH,152,144,296
EGGD-EGPD,147,149,296
ENKR-ENSS,142,154,296
EGPH-EGTE,149,146,295
EIDW-EVRA,148,147,295
ESOE-ESSA,100,195,295
EGNX-EGPE,152,142,294
EGNL-EGNX,156,137,293
EGAE-EGLL,146,146,292
EGPA-EGPB,145,145,290
EGAC-EGPD,143,144,287
ENAT-ENVD,170,115,285
ENBN-ENUN,145,140,285
ENVA-ESSA,144,140,284
EGSS-EIKY,143,140,283
EFMA-EFTU,138,142,280
EGNX-EGTE,139,137,276
EGBB-EKCH,140,135,275
EGAC-EGPE,136,138,274
EGGD-EGPE,136,138,274
EGJJ-EGLF,143,130,273
EGLF-EIDW,126,144,270
ENBR-ENOV,131,138,269
ENBR-ENSF,127,142,269
EETN-ENGM,134,132,266
ENBR-ESGG,131,135,266
ENBS-ENVD,118,148,266
ENGM-ESMS,126,140,266
EGTE-EIDW,133,132,265
ENBR-ENQG,139,124,263
ENGM-ENSO,130,133,263
EGLC-EKBI,129,130,259
ESNG-ESNQ,130,128,258
EGBJ-EGTK,91,165,256
ENRS-ENSH,130,125,255
EKCH-ENTO,126,128,254
EFHK-EGKK,126,126,252
ENXO-ENZV,123,129,252
EGLL-ENZV,125,126,251
EGPE-EGPH,127,123,250
EKCH-ESOE,129,121,250
EGBB-EICK,124,125,249
EKBI-EKCH,158,91,249
ENBS-ENBV,139,110,249
EGKB-EGLF,125,123,248
EGNX-EKCH,126,121,247
EKBI-EVRA,125,122,247
ENFL-ENQR,119,127,246
EFHK-ENTC,122,122,244
EGPD-ENGM,123,121,244
EGCC-ENTO,122,121,243
EGAC-EGNX,120,122,242
EGAE-EGPF,122,120,242
EGGW-EGKB,116,126,242
EGSS-ENTO,122,120,242
ENOV-ENSG,118,123,241
ENBV-ENHF,130,110,240
BIKF-EGNX,111,128,239
EGJB-EGTE,116,122,238
ENHF-ENMH,147,90,237
ENMH-ENVD,116,120,236
EGJJ-EGTK,121,114,235
ENXK-ENZV,132,102,234
ENBR-ENOC,120,113,233
ENTO-EVRA,117,116,233
ENXW-ENZV,117,115,232
EGPH-EINN,119,112,231
ENBR-ENQD,116,114,230
ENGM-ENSB,116,114,230
ENKB-ENUB,119,110,229
ENFL-ENQV,114,113,227
EFHK-EGPH,113,113,226
EKYT-EKYT,226,0,226
EKAH-ESSB,112,113,225
EGCC-EGHI,112,111,223
ENBR-ENQA,110,113,223
ENDR-ENKB,114,109,223
EGKK-EGLL,126,96,222
EGHH-EGJB,117,103,220
EGNT-ENZV,111,109,220
ESGJ-ESSA,110,107,217
EETN-EGSS,108,108,216
EFHK-ESOE,189,26,215
EGBB-EINN,106,108,214
ENBR-ENQK,93,120,213
EFHK-ESMS,101,111,212
EFJY-EFRO,110,102,212
EGNT-EGTE,107,105,212
EFHK-EFMA,102,108,210
EGAA-EGNM,104,105,209
EGCC-EGGW,108,101,209
ESMX-ESSA,104,104,208
EGNX-EIKN,104,103,207
ENBR-ENQO,93,114,207
ESMQ-ESMQ,206,0,206
EGPD-EKEB,104,101,205
ENBN-ENUS,105,100,205
EFHK-EFSA,102,102,204
EGAE-EGGP,102,102,204
EGHH-EGJJ,100,104,204
EGNT-EGPH,106,97,203
EGFF-EGTK,12,190,202
EGNS-EGPH,100,102,202
EFHK-EFTU,141,59,200
EKBI-EKBI,199,0,199
ENHF-ENUG,96,102,198
EGGW-EGSS,100,97,197
EKEB-ENZV,98,99,197
ENGM-ESGJ,99,98,197
EFHK-EFTP,91,105,196
EFTU-EVRA,97,98,195
EGLF-EGNO,97,98,195
ENFL-ENQJ,96,99,195
EFHK-EFKE,49,144,193
EGPH-EKBI,93,99,192
ENVA-EVRA,96,96,192
EKEB-EKHB,108,83,191
EFIV-EFKT,136,54,190
EKAH-ENGM,96,94,190
EGLL-EIKN,95,94,189
EIDW-EKBI,95,94,189
EGPD-EGPF,86,102,188
ENLA-ENZV,96,92,188
ENBR-ENQC,88,99,187
ENZV-ESSA,95,91,186
EGPF-EGTE,93,90,183
ENBN-ENNE,92,90,182
EGAE-EGCC,90,91,181
EGPH-EVRA,89,89,178
EGJJ-EGKB,84,93,177
EGNO-EGXC,86,88,174
EGAC-EGNT,86,87,173
EGPH-EIKN,85,85,170
EFJY-EFKU,91,78,169
EGKK-ENVA,85,84,169
BIKF-EGPH,81,87,168
EGLL-EGPN,84,84,168
BIKF-EVRA,83,84,167
EGBJ-EGFF,157,9,166
ESMS-ESMS,164,0,164
EKBI-EKVG,82,81,163
ENKB-ENUA,85,77,162
EGAA-EGNS,81,80,161
EGNX-EGPK,81,80,161
ENKB-ENUK,73,88,161
EGAC-EGGD,79,81,160
EGHH-EGTK,14,145,159
EGJJ-EGPF,79,80,159
ENWE-ENZV,82,77,159
ESGG-ESMS,88,70,158
EGCC-EVRA,79,78,157
EKRK-EKYT,91,66,157
EGCC-EGKK,78,78,156
EGGD-EIKN,78,78,156
ESGG-ESPA,73,81,154
EFTP-EFTU,72,81,153
EGCC-EGSS,71,82,153
ENWA-ENZV,74,79,153
ESGP-ESGP,153,0,153
EGAA-EGAA,151,0,151
EGNE-EGNE,151,0,151
ENBR-ENQB,80,71,151
ENHD-ENVA,74,77,151
EKCH-ENHD,74,76,150
ENCN-ENVA,76,73,149
EETU-EETU,148,0,148
EKEB-EKGC,73,75,148
EFTP-EKCH,74,72,146
EGJB-EGKB,73,72,145
EETN-EGKK,72,72,144
EGNJ-EKEB,72,72,144
EGGW-EGWU,76,66,142
EGPD-EGPH,67,75,142
EKKA-EKKA,142,0,142
ENHF-ENVD,134,8,142
EGJJ-EIDW,68,72,140
EKBI-ENBR,68,72,140
ESTL-ESTL,140,0,140
EGHQ-EGPH,69,70,139
EGBB-EGCC,60,77,137
EGKB-EIDW,74,62,136
EKEB-EKTW,61,75,136
EETN-EGGW,67,68,135
EKEB-EKHD,56,79,135
BIRK-EGPC,77,57,134
EFKU-EFTP,70,64,134
EGCC-EIKY,67,67,134
EGGD-EKCH,67,67,134
EKEB-EKHA,53,81,134
ENBR-ENQE,64,70,134
EGCC-EGKB,64,69,133
EKBI-EKRK,62,71,133
ENWI-ENZV,72,60,132
BIKF-EGGD,65,66,131
EGBB-EIKN,66,65,131
EGLF-EGWU,67,64,131
EETN-EETN,130,0,130
EGSC-ESGG,66,64,130
EGSS-EKYT,65,65,130
ENBS-ENMH,130,0,130
ESNG-ESPA,80,49,129
EGCC-EIKN,64,64,128
EGPD-EGPE,46,82,128
EFRO-EFTP,64,63,127
EGHI-EGTK,10,117,127
EGHH-EIDW,61,65,126
EGMC-EGTC,0,126,126
EGPD-EGPD,125,0,125
EKBI-EKRN,62,63,125
EFPO-EFTU,56,68,124
EGNX-EVRA,62,62,124
EGSS-ESOW,62,62,124
EVLA-EVLA,124,0,124
ESKN-ESKN,123,0,123
ENBR-ENQM,58,64,122
BIKF-EKVG,61,60,121
EFHK-ENVA,61,60,121
EGGW-EGKK,66,55,121
EGNX-EGSS,69,52,121
ENGM-ENGM,121,0,121
EGJB-EGTK,61,59,120
ENHM-ENZV,61,59,120
EGPH-ESGG,58,61,119
EFVA-ESSA,59,59,118
EGAC-EGNS,60,58,118
EGCC-ESGG,60,58,118
EGHH-EGPH,59,59,118
ESMS-ESSV,60,58,118
EGBB-ESSA,59,58,117
ENBR-ENBR,117,0,117
ENGM-ESSB,61,56,117
ENWK-ENZV,40,77,117
EVRA-EVRA,117,0,117
EGLL-ENBR,58,58,116
EGLF-EGPH,56,59,115
ENAT-ENSR,114,1,115
ENBV-ENVD,114,1,115
EGGP-EGKB,53,61,114
EGPK-EGSS,49,63,112
EGGD-EGNS,55,56,111
EGGD-EICK,55,56,111
EGGP-ESSA,54,57,111
EGHQ-EGNX,55,56,111
ESGG-ESSV,57,54,111
EKAH-EKAH,110,0,110
ESSA-ESSB,66,44,110
EFTP-ESSA,10,99,109
EGAC-EGHQ,54,55,109
ENBN-ENRA,74,35,109
ESNS-ESSB,53,56,109
EFTP-EGSS,53,55,108
EGCC-EGSC,55,53,108
EGCC-ENZV,54,54,108
ENBV-ENMH,0,108,108
ENCN-ENGK,67,41,108
ENHF-ENSR,0,108,108
EGBB-EKBI,54,53,107
EGLF-EGTK,40,67,107
EGCC-ENBR,53,53,106
EGGP-EGGW,59,47,106
EGPE-EGPF,58,48,106
EFHK-ESGJ,2,102,104
EGBB-EGSS,61,43,104
EGBW-EIKY,51,53,104
EGLF-EGSS,52,52,104
ENBE-ENZV,64,40,104
EGKK-EIKN,51,52,103
EGPH-ENBR,52,51,103
EGSS-ESMX,51,52,103
EKRN-EKYT,54,49,103
EGHH-EGTC,6,96,102
EGVA-EGVA,102,0,102
EGJB-EGLF,50,51,101
EKBI-ESGJ,2,99,101
EGGD-EVRA,50,50,100
EGNT-EVRA,50,50,100
EGSS-ESOE,50,50,100
EKAH-EKRK,47,53,100
EFTP-ESMS,92,7,99
EGHQ-EGNJ,45,54,99
ENGM-ENNA,49,50,99
EFPO-EFTP,36,62,98
EGCC-ENVA,49,49,98
EGPF-EGPH,48,50,98
ENEV-ENOL,49,49,98
ENWG-ENZV,58,40,98
EGAC-EGPN,49,48,97
EGCC-EGLF,53,43,96
EKAR-EKEB,66,30,96
ENDP-ENZV,57,39,96
ESNN-ESNU,46,50,96
EFRO-EGSS,47,48,95
EGHQ-EGSS,49,46,95
ENRA-ENTC,55,40,95
EGJB-EIDW,48,46,94
EKBI-EKYT,46,48,94
EGGW-EGNX,58,34,92
EGBJ-EGJJ,47,44,91
EGHQ-EGLL,48,43,91
EGSH-EGTC,0,91,91
EKVG-ENBR,43,48,91
ENBN-ENST,59,32,91
BIKF-BIKF,90,0,90
EGLF-EGPE,41,49,90
EGJJ-EGNM,44,45,89
EGPB-EGPN,44,45,89
EGQS-EGXC,46,43,89
ENHE-ENUR,48,41,89
ENZV-ENZV,89,0,89
EGNT-EINN,44,44,88
ESGT-ESGT,88,0,88
EGPE-EIDW,44,43,87
ENKR-ENMH,42,44,86
ENLK-ENTC,42,44,86
EFKU-EFRO,42,43,85
EGJJ-EGTF,46,39,85
EGPK-EGVN,42,43,85
EIME-EIME,85,0,85
EKEB-EKSI,57,28,85
EKVG-ENGM,42,43,85
EGBB-EGGW,44,40,84
EGLF-EGNX,31,53,84
EGNJ-EGNJ,84,0,84
EGWU-EIDW,44,40,84
BIKF-EKYT,38,44,82
EGAA-EGEC,41,40,81
EGBB-EGNX,49,32,81
ESSL-ESSL,81,0,81
EGGW-ESSB,41,39,80
ESGG-ESSL,33,47,80
ESNQ-ESNU,31,49,80
EGNE-EIWF,43,36,79
EGKA-EGMC,78,0,78
ESSA-ESST,44,34,78
EFHK-EFSI,37,40,77
EGAC-EGNV,40,37,77
EGJJ-EGSS,42,35,77
ENML-ENVA,49,28,77
EGGW-EGTK,28,48,76
EGNS-EGNV,39,37,76
ENHF-ENKR,45,31,76
ENQS-ENSF,38,38,76
ESGP-ESGT,37,39,76
EGHH-EGLF,39,36,75
EGKB-EGWU,44,31,75
ENQR-ENSE,33,42,75
ENTC-ESSA,38,37,75
ESGG-ESNU,40,35,75
BIKF-EGGP,37,37,74
ENBO-ENBO,74,0,74
ENFB-ENSF,43,31,74
ENQB-ENQC,42,32,74
EFRO-EIDW,36,37,73
EGKB-EGNX,27,46,73
EGLD-EIKY,38,35,73
EGPH-ENZV,37,36,73
ESKS-ESSB,37,36,73
BIKF-EGPK,28,44,72
EGGW-EGNT,39,33,72
EGKB-EGNS,34,38,72
EGLF-ENGM,37,35,72
EGSG-EGSG,72,0,72
EGSS-ENBR,36,36,72
EKOD-EKRK,36,36,72
ENBN-ENGM,33,39,72
ENGM-ENTO,39,33,72
EKKA-EKYT,35,36,71
EKYT-ENTO,35,36,71
ESNQ-ESPA,43,28,71
EGAA-EGFF,36,34,70
EGKB-EGTK,33,37,70
EGKK-EGSS,38,32,70
EGNE-EGPD,34,36,70
EGCC-EGNM,33,36,69
EGJJ-EGPH,36,33,69
EGPD-EKCH,35,34,69
ENBR-ENQL,28,41,69
ESCF-ESCF,69,0,69
EGGD-EGTE,41,27,68
EGAA-EGKB,33,34,67
EGBB-EGBB,67,0,67
EGGW-EGNS,36,31,67
EGKB-EGPH,36,31,67
EGTF-EIWT,30,37,67
EKAH-EKYT,33,34,67
EGKB-EGSS,39,27,66
ESSA-ESSL,33,33,66
EGGW-ESSA,47,18,65
EGMC-EGTK,29,36,65
EGNX-EICK,32,33,65
EGGP-EINN,34,30,64
EGLF-EGNT,35,29,64
EGLF-EGPF,36,28,64
EGBB-EGKK,37,26,63
EGCC-EGNX,37,26,63
EGKB-EGNT,30,33,63
EGLF-EICK,29,34,63
EGLF-ESSB,27,36,63
EKAH-EKBI,31,32,63
EKCH-ESSB,33,29,62
EKRK-EKRN,30,32,62
EKRK-ENGM,30,32,62
ENCN-ENTO,28,34,62
EFHA-EFTP,33,28,61
EGGP-EGLF,27,34,61
EKCH-ESMS,28,33,61
EKRD-EKRK,31,30,61
EGKB-EGPF,29,31,60
EGMC-EGSG,0,60,60
EGNM-EVRA,30,30,60
EGNX-EGTK,30,30,60
EGPF-EGPF,60,0,60
EKVG-EKYT,30,30,60
EGAA-EGJJ,29,30,59
EGGP-EGSS,33,26,59
EGGW-EGNM,28,31,59
EGLC-EGSH,28,31,59
EGPE-EGPE,59,0,59
EGTE-EGTK,17,42,59
EIDW-ESGG,30,29,59
ENST-ENTC,33,26,59
ESKS-ESTA,30,29,59
EGAA-EGTK,27,31,58
EGGD-EGKK,21,37,58
EGNT-EGSS,32,26,58
EIDW-ENBR,28,30,58
ENOV-ENVA,31,27,58
ENTC-ENTC,58,0,58
ESSA-ESUT,30,28,58
ESSB-ESSL,31,27,58
BIKF-EGBB,29,28,57
EETN-EKBI,32,25,57
EGCC-EGNT,25,32,57
EGPH-EKVG,28,29,57
EKAH-EVRA,28,29,57
ENBR-ENEV,29,28,57
ESPA-ESSB,26,31,57
BIKF-ENBR,25,31,56
EFRO-EGKK,28,28,56
EGHH-EGKB,30,26,56
EGHQ-EGNT,28,28,56
EGNT-ENBR,29,27,56
EKCH-EKCH,56,0,56
ENAL-ENML,39,17,56
ENBR-EVRA,29,27,56
BIAR-EKCH,26,29,55
EGJJ-EGMC,28,27,55
ENRK-ENRK,55,0,55
EGJB-EGMC,26,28,54
EGKK-EGKK,54,0,54
EGPK-EGPK,54,0,54
ENAL-ENOV,32,22,54
EGAC-EIDW,27,26,53
EGHI-EGKB,21,32,53
EGLF-EINN,29,24,53
ESNU-ESUP,32,21,53
ESSB-ESSP,28,25,53
EGCC-EGPF,31,21,52
EGGW-EKCH,27,25,52
EGLF-EGNM,24,28,52
ESKS-ESMS,26,26,52
BIKF-ESGG,25,26,51
ENAT-ENMH,39,12,51
ESPA-ESPA,51,0,51
EFHK-EKBI,21,29,50
EGCC-EGCC,50,0,50
EGGP-EGKK,27,23,50
EGGW-ENTC,24,26,50
EGMD-EGMD,50,0,50
EGNM-EGSS,28,22,50
EGNT-EICK,24,26,50
EGPD-ENHD,25,25,50
EKBI-ESGG,24,26,50
ENSH-ENSK,0,50,50
EETN-EIDW,25,24,49
EGAA-EIDW,27,22,49
EGFF-EGLL,23,26,49
EGGD-EGGW,22,27,49
EGKB-ESSB,27,22,49
EINN-EINN,49,0,49
EKCH-ESKS,24,25,49
EKDT-EKEB,22,27,49
EGAA-EGXW,21,27,48
EGBJ-EGTC,37,11,48
EGGP-EKCH,25,23,48
EGKB-EGNM,24,24,48
EGKK-ENTC,24,24,48
EGPA-EGPN,24,24,48
EGXW-EGXW,48,0,48
EKRK-EKSB,26,22,48
ESMS-ESSL,31,17,48
EFOU-EFTP,15,32,47
EGCC-EGGP,24,23,47
EGJJ-EGNV,24,23,47
EGKB-EGPD,26,21,47
EICK-EIDW,26,21,47
EKEB-EKHO,23,24,47
ESGG-ESOK,23,24,47
EFKS-EFKT,21,25,46
EGBB-EGKB,28,18,46
ENGC-ENQG,25,21,46
ENXB-ENZV,22,24,46
EGGW-EGJB,21,24,45
EGNM-EGNX,19,26,45
EGPB-EGPE,21,24,45
EGPD-EGPN,18,27,45
EGTK-EIKY,20,25,45
ENBN-ENTC,6,39,45
EGBB-EGGD,30,14,44
EGBB-EGLF,20,24,44
EGNS-EGPD,25,19,44
EGPF-EGPK,20,24,44
EGQS-EGQS,44,0,44
EGUL-EGUL,44,0,44
EKBI-ENTO,23,21,44
EKBI-ESSB,23,21,44
EKCH-ENTC,22,22,44
ENJS-ENSL,29,15,44
ENWR-ENZV,40,4,44
EGBJ-EGJB,21,22,43
EGCC-EGGD,24,19,43
EGCC-EGPH,21,22,43
EGGW-EINN,23,20,43
EGHH-EGHI,11,32,43
EGLF-EKCH,16,27,43
EKAH-EKKA,19,24,43
EKRK-ESSB,27,16,43
ENBN-ENMS,31,12,43
ENCN-ENZV,22,21,43
EFTP-ESSB,19,23,42
EGAL-EGLJ,21,21,42
EGKB-EGPE,19,23,42
EGPE-EGTK,23,19,42
EGQS-EGVN,20,22,42
EGTK-EGWU,23,19,42
ENHD-ENZV,24,18,42
ENWK-ENWR,40,2,42
EGAE-EGPD,18,23,41
EGJJ-EGWU,20,21,41
EGKB-EGNV,20,21,41
EKSP-EKSP,41,0,41
EGBB-EGNT,21,19,40
EGJJ-EGLK,21,19,40
EGKB-EGKB,40,0,40
EGKK-EGNV,21,19,40
EGVN-ENDU,21,19,40
ENSL-ENWG,28,12,40
EEEI-EGVN,21,18,39
EFMA-EFPO,19,20,39
EFVA-ESNU,19,20,39
EGBB-EGNM,15,24,39
EGGP-EGGP,39,0,39
EGGW-EGLC,22,17,39
EGLC-EGLF,22,17,39
EGLL-EGLL,39,0,39
ESGG-ESNN,22,17,39
BIKF-EGPC,15,23,38
BIRK-EGPK,8,30,38
EFHA-EFJY,19,19,38
EFTP-EFVA,19,19,38
EGJJ-EGNJ,18,20,38
EGNM-EGPE,21,17,38
EGNX-ENGM,22,16,38
EGPF-EGPT,3,35,38
EKEB-EKSC,15,23,38
ENBE-ENXO,11,27,38
ESMK-ESTL,19,19,38
EGGD-EGKB,18,19,37
EGHI-EGLF,19,18,37
EGPI-EGTF,18,19,37
EGVN-EGVN,37,0,37
ESGG-ESKN,17,20,37
EGHF-EGHF,36,0,36
EGJB-EGJB,36,0,36
EGLC-EGPD,18,18,36
EGNS-EGTK,18,18,36
EGNT-EGNX,20,16,36
EGPB-ENBR,18,18,36
EGPH-EGWU,18,18,36
EGSS-EGSS,36,0,36
EKKA-EKRK,24,12,36
EKRK-ENTO,18,18,36
ENUB-ENUC,19,17,36
ESDF-ESDF,36,0,36
ESDF-ESIB,17,19,36
ESIB-ESPA,19,17,36
ESSA-ESSA,36,0,36
EGBJ-EGKB,19,16,35
EGHQ-EGKB,17,18,35
EGJB-EGNM,18,17,35
EGKB-EKBI,16,19,35
EGLC-EGSS,11,24,35
EGNM-EGNS,16,19,35
ENMS-ENTC,23,12,35
ESMS-ESTA,21,14,35
EFKT-EFRO,19,15,34
EGAC-EGJJ,18,16,34
EGGD-EGNV,14,20,34
EGGP-EGPD,16,18,34
ENBS-ENKR,16,18,34
EFPO-EFVA,18,15,33
EGBJ-EIDW,15,18,33
EGCC-EGPK,15,18,33
EGGW-EGHI,15,18,33
EGGW-ENGM,17,16,33
EGHH-EGKA,1,32,33
EGHH-EGSS,14,19,33
EGKA-EGMD,33,0,33
EGKB-EGNJ,18,15,33
EGPD-EGPO,23,10,33
EGSC-EGTC,1,32,33
ENBV-ENKR,19,14,33
ENFB-ENQS,15,18,33
ENHD-ENTO,16,17,33
ENHV-ENTC,22,11,33
ENVA-ENVA,33,0,33
ESNN-ESSB,15,18,33
EFHK-ENBO,16,16,32
EFHK-ESSL,20,12,32
EFKT-EGKK,17,15,32
EGFF-EGNJ,15,17,32
EGHQ-EGTK,16,16,32
EGLF-EGNV,18,14,32
EGNM-EGYD,5,27,32
EGPD-EGPT,0,32,32
EGPK-EIDW,17,15,32
ENBV-ENTC,18,14,32
ENGK-ESOW,14,18,32
ENHE-ENUC,16,16,32
ENOC-ENQO,21,11,32
ESCM-ESIB,14,18,32
BIKF-EGAA,18,13,31
EETN-EGVN,16,15,31
EFOU-EFRO,22,9,31
EGBJ-EGBJ,31,0,31
EGBJ-EGTE,27,4,31
EGGP-EGNR,28,3,31
EGGP-EGNX,17,14,31
EGGW-EGHH,14,17,31
EGKB-EGMD,22,9,31
EGKB-EGNH,17,14,31
EGNM-EGNM,31,0,31
EGNX-EGNX,31,0,31
EGPH-EGTK,18,13,31
EGTK-EIDW,20,11,31
EIME-EINN,18,13,31
EKYT-ENGK,16,15,31
EKYT-ENZV,16,15,31
ENKB-ENVA,25,6,31
ENQL-ENQM,13,18,31
ENTO-ESGJ,14,17,31
ENUA-ENUK,19,12,31
EGBJ-EGHH,18,12,30
EGFF-EGFF,30,0,30
EGJJ-EGSH,14,16,30
EGKB-EKRK,17,13,30
EGMC-EGNJ,14,16,30
EGNM-EGNT,16,14,30
EGNR-EGTK,13,17,30
EGNS-EGSS,13,17,30
EKEB-EKEB,30,0,30
EKOD-EKYT,18,12,30
EKRK-ESGG,18,12,30
EKRK-ESMS,13,17,30
ENGM-ENST,14,16,30
ENMS-ENRA,18,12,30
ESGG-ESNZ,20,10,30
ESMS-ESMX,24,6,30
EVGA-EVGA,30,0,30
EGAA-EGLF,17,12,29
EGBJ-EGLK,7,22,29
EGCC-EGHH,15,14,29
EGCC-EGNJ,12,17,29
EGGD-EGLF,15,14,29
EGGD-EGWU,16,13,29
EGGP-EGTK,12,17,29
EGGW-EGLL,27,2,29
EGHH-EGNX,15,14,29
EGLF-EGNS,17,12,29
EGLF-EGPN,15,14,29
EGMC-EGSS,28,1,29
EGNS-EGPF,13,16,29
EKKA-EKSP,16,13,29
ENGK-ENTO,15,14,29
ENGK-ENZV,17,12,29
ENMH-ENTC,21,8,29
ENWA-ENWI,21,8,29
ESGG-ESKM,17,12,29
ESMQ-ESMX,15,14,29
BIKF-EINN,13,15,28
EETN-ESOE,1,27,28
EGAB-EGTC,14,14,28
EGFF-EGGW,16,12,28
EGGD-EGHH,13,15,28
EGGW-EGHQ,13,15,28
EGGW-EKBI,15,13,28
EGJB-EGWU,14,14,28
EGJJ-EGNT,13,15,28
EGLF-EGPD,15,13,28
EGLF-EGTE,15,13,28
EGLL-EGSS,11,17,28
EGNV-EGYD,6,22,28
EGPE-EGWU,18,10,28
EICK-EIME,14,14,28
EKYT-ESKS,14,14,28
ENAT-ENEV,18,10,28
ENGA-ENQK,11,17,28
ESGG-ESTA,13,15,28
ESNS-ESPA,15,13,28
ESOW-ESSU,14,14,28
EGAC-EGKB,16,11,27
EGBB-EGTE,17,10,27
EGBJ-EGHQ,14,13,27
EGFF-EGJJ,14,13,27
EGGP-EGNV,13,14,27
EGHH-EGHH,27,0,27
EGHH-EGTE,10,17,27
EGKB-EGMC,16,11,27
EGLF-EGLF,27,0,27
EGNM-EGTR,14,13,27
EGNT-EGPF,18,9,27
EGNT-EGYD,4,23,27
EGPD-EGSS,13,14,27
EGSS-EGWU,18,9,27
EKEB-EKHR,14,13,27
EKOD-EKOD,27,0,27
ENDP-ENSL,9,18,27
ESMS-ESOE,8,19,27
ESNX-ESSB,12,15,27
ESOE-ESSL,19,8,27
ESOK-ESSA,14,13,27
ESSB-EVRA,14,13,27
ESSN-ESSU,13,14,27
EFHK-EFHK,26,0,26
EFHK-EGGW,12,14,26
EGAC-EGGW,11,15,26
EGBJ-EIWT,13,13,26
EGCC-EGTK,9,17,26
EGGP-EGOV,0,26,26
EGGW-EGPN,10,16,26
EGKB-EKCH,14,12,26
EGKB-ENGM,15,11,26
EGLL-ESPA,13,13,26
EGSC-EGTK,4,22,26
EGWU-ESSB,11,15,26
EISG-EIWT,11,15,26
ENGM-ESOE,25,1,26
ESGG-ESSD,12,14,26
ESKN-ESSB,13,13,26
BIRK-ESGG,15,10,25
EEPU-EFHK,13,12,25
EETN-ESSB,9,16,25
EFTP-ESDF,12,13,25
EFTU-ESSB,15,10,25
EGJB-EGNR,12,13,25
EGKB-EINN,10,15,25
EGKK-EGLC,25,0,25
EGLF-EGNJ,13,12,25
EGLF-ESSA,13,12,25
EGPE-EGTF,13,12,25
EGPT-EGPT,25,0,25
EGTC-EGTC,25,0,25
EKRK-ESSA,17,8,25
ENGA-ENGC,10,15,25
BIKF-ENEV,14,10,24
EFJY-EFOU,10,14,24
EFOU-EFPO,12,12,24
EGKB-EGLC,11,13,24
EGKB-EGPN,14,10,24
EGLL-EGNX,5,19,24
EGNT-EGTK,12,12,24
EGPC-EGPE,14,10,24
EGPD-EGPL,20,4,24
EKAH-EKRN,12,12,24
EKAH-ESTL,14,10,24
ENAL-ENTO,11,13,24
ENAN-ENAN,24,0,24
ENKB-ENKB,24,0,24
ENKB-ENUC,10,14,24
ENOA-ENQE,15,9,24
ESGJ-ESPA,13,11,24
ESMQ-ESSV,14,10,24
ESNS-ESNU,13,11,24
ESNZ-ESPA,13,11,24
ESSD-ESSD,24,0,24
EGGD-EGGP,13,10,23
EGGD-EGSS,10,13,23
EGGP-EGMC,9,14,23
EGGP-EGNT,12,11,23
EGHH-EIWT,13,10,23
EGKB-EGNR,14,9,23
EGNS-EGNT,10,13,23
EGNV-EIDW,12,11,23
EGNX-EGPF,9,14,23
EGPE-EKBI,11,12,23
EGPF-EGTK,14,9,23
EKBI-ENVA,12,11,23
EKRK-ESGJ,9,14,23
EKRK-ESOW,14,9,23
EKRN-EKSB,12,11,23
EKYT-ENAN,13,10,23
EKYT-ESSB,11,12,23
ENHE-ENUA,11,12,23
ENQG-ENQK,22,1,23
ESCF-ESIB,14,9,23
ESIB-ESMT,12,11,23
ESIB-ESSA,11,12,23
ESNN-ESNZ,10,13,23
EEKE-EFNU,11,11,22
EETU-EFHK,10,12,22
EFHA-EFPO,8,14,22
EFKT-EVRA,10,12,22
EFTP-EVRS,11,11,22
EGBE-EGTC,22,0,22
EGBJ-EGGP,11,11,22
EGCC-EGWU,11,11,22
EGCM-EGNH,13,9,22
EGHH-EGKK,11,11,22
EGHI-EGHQ,11,11,22
EGHI-EGNX,10,12,22
EGHQ-EGLF,11,11,22
EGJB-EGLK,11,11,22
EGJB-EGPH,12,10,22
EGKA-EGTK,13,9,22
EGLF-EGNR,14,8,22
EGLF-EKBI,12,10,22
EGLF-ESGG,11,11,22
EGNJ-EGNX,4,18,22
EGNX-EGWU,11,11,22
EGPF-EGTF,12,10,22
EIDW-EIDW,22,0,22
EKAC-EKCC,11,11,22
ENAL-ENKB,21,1,22
ENBL-ENBR,12,10,22
ENBR-ENQV,9,13,22
ENGA-ENQG,12,10,22
ENXB-ENXK,17,5,22
ESGG-ESGG,22,0,22
ESGG-ESGT,9,13,22
ESGG-ESMQ,12,10,22
ESNK-ESNU,9,13,22
ESOW-ESSA,9,13,22
EFKT-EGCC,11,10,21
EFKT-ESNX,9,12,21
EGBB-EGPK,11,10,21
EGFF-EINN,11,10,21
EGGP-ENBR,11,10,21
EGGP-ENGM,11,10,21
EGGW-ESGG,11,10,21
EGHF-EGJA,16,5,21
EGHH-EGNJ,11,10,21
EGHH-EGNV,10,11,21
EGHH-EGWU,11,10,21
EGKB-EVRA,13,8,21
EGKK-EGNT,14,7,21
EGNM-EGPF,11,10,21
EGNM-EGPH,8,13,21
EGPD-EGPK,11,10,21
EGPH-EGPN,10,11,21
EIDW-EIKN,13,8,21
EKBI-EKSB,12,9,21
ENAN-ENBO,12,9,21
ENBN-ENBN,21,0,21
ENGM-ESSP,9,12,21
ENKB-ENUR,10,11,21
ENOA-ENQO,13,8,21
ENOC-ENQE,11,10,21
ESKS-ESNZ,0,21,21
ESMS-ESNX,9,12,21
ESNQ-ESSB,13,8,21
EFHA-EFKU,11,9,20
EFHK-EGLF,12,8,20
EFKK-ESSB,10,10,20
EFTP-EFUT,12,8,20
EFVA-ESNS,11,9,20
EGBB-EGGP,10,10,20
EGGP-EGNH,17,3,20
EGGW-EGPK,9,11,20
EGHH-EGNT,9,11,20
EGKB-EGTE,13,7,20
EGNE-EGNH,11,9,20
EGNJ-EGNV,9,11,20
EGPH-EGPK,10,10,20
EGSS-EGTK,12,8,20
EGTK-ESSB,10,10,20
EIKY-EIWT,9,11,20
ENAL-ENZV,16,4,20
ENCN-ENCN,20,0,20
ENGM-ESNZ,10,10,20
ENML-ENZV,12,8,20
ENTO-ESSB,10,10,20
ESCF-ESSA,12,8,20
ESKN-ESSA,9,11,20
ESMT-ESSA,11,9,20
ESNS-ESNS,20,0,20
ESSD-ESSN,10,10,20
ESTA-ESTL,11,9,20
EGAE-EGTP,10,9,19
EGBB-ESGJ,9,10,19
EGHH-EGNM,15,4,19
EGHO-EGNM,9,10,19
EGJJ-EGLC,12,7,19
EGKB-ESGG,9,10,19
EGLC-EGWU,7,12,19
EGNV-EGTK,9,10,19
EGPE-EGPL,10,9,19
EGPH-EGPH,19,0,19
EGPN-EKAH,8,11,19
EGSC-EGSG,0,19,19
EGSS-EGVN,8,11,19
EGTB-EGTC,19,0,19
EIDW-ESSB,8,11,19
EKBI-EKOD,10,9,19
EKOD-ESMS,9,10,19
EKYT-ESGG,8,11,19
ENBN-ENLK,12,7,19
ENFL-ENTO,10,9,19
ENGM-ENSH,8,11,19
ENLE-ENXK,13,6,19
ENOA-ENOC,10,9,19
ENOL-ENZV,9,10,19
ENQA-ENQC,10,9,19
ENRK-ENZV,11,8,19
ENUA-ENUB,8,11,19
ENWE-ENWI,8,11,19
ESCF-ESSV,10,9,19
ESDF-ESTL,10,9,19
ESGG-ESMK,10,9,19
ESKM-ESSA,3,16,19
ESKN-ESSN,9,10,19
ESMQ-ESMS,11,8,19
ESMQ-ESSL,10,9,19
ESMS-ESOW,8,11,19
ESMT-ESTL,7,12,19
ESOW-ESSV,10,9,19
BIRK-EKVG,6,12,18
EFHK-ENSB,9,9,18
EFJY-EFPO,9,9,18
EGBB-EGHH,8,10,18
EGBB-EGNE,7,11,18
EGFE-EGPH,10,8,18
EGFF-EGGD,13,5,18
EGFF-EGGP,9,9,18
EGGP-EGKA,10,8,18
EGGW-EGMC,8,10,18
EGGW-EGNJ,8,10,18
EGGW-EGNV,8,10,18
EGHH-EGLK,5,13,18
EGHH-EGNR,9,9,18
EGHI-EGNJ,8,10,18
EGHL-EGNV,9,9,18
EGJB-EGNS,10,8,18
EGJB-EGTR,9,9,18
EGKB-EGPK,11,7,18
EGLC-ESSB,8,10,18
EGMC-EGTE,8,10,18
EGNE-EGNR,9,9,18
EGNE-EGNV,10,8,18
EGNJ-EGNM,7,11,18
EGNR-EGPD,8,10,18
EGTK-EINN,13,5,18
EIAB-EIAB,18,0,18
EIKY-EIME,8,10,18
EKEB-EKRK,7,11,18
ENDU-ENVA,11,7,18
ENGA-ENSF,10,8,18
ENGM-ENLK,9,9,18
ENSG-ENTO,9,9,18
ENTO-ESMS,2,16,18
ESGJ-ESNU,9,9,18
ESGJ-ESSL,10,8,18
ESKS-ESSA,6,12,18
ESMQ-ESTL,9,9,18
ESMS-ESNZ,8,10,18
ESMS-ESTL,12,6,18
ESMX-ESPA,10,8,18
ESOK-ESSB,10,8,18
ESSA-ESSP,9,9,18
BIKF-EGKB,7,10,17
BIKF-ENZV,1,16,17
BIRK-ENBR,6,11,17
EFKT-EFSI,8,9,17
EFSI-EFTP,5,12,17
EFTP-EGUL,8,9,17
EFTU-ESOE,0,17,17
EGAA-EGAC,15,2,17
EGAA-EINN,8,9,17
EGAC-EGLF,10,7,17
EGAC-EGTK,8,9,17
EGBB-EGTK,7,10,17
EGCC-EGFF,10,7,17
EGGP-EGHH,10,7,17
EGGP-EGPF,10,7,17
EGGP-EGPH,12,5,17
EGGP-EGTE,9,8,17
EGGW-EGTE,5,12,17
EGHL-EGKK,11,6,17
EGJB-EGSS,7,10,17
EGJB-EGTF,8,9,17
EGLF-EGPK,8,9,17
EGLK-EGTC,15,2,17
EGNH-EGNX,8,9,17
EGNH-EGWU,9,8,17
EGNH-EIWF,9,8,17
EGNX-ESGG,8,9,17
EGPF-EGWU,9,8,17
EGPK-EGTK,9,8,17
EGPK-EICK,9,8,17
EGPK-EKYT,8,9,17
EGPK-ENGM,9,8,17
EGPK-EVRA,4,13,17
EGSH-EGSH,17,0,17
EGTR-EGTR,17,0,17
EKEB-EKVD,8,9,17
EKSP-EKYT,6,11,17
EKYT-ENCN,9,8,17
EKYT-ESSA,5,12,17
ENBN-ENKB,7,10,17
ENHM-ENXW,11,6,17
ENJB-ENJB,17,0,17
ENLE-ENWS,12,5,17
ESGJ-ESMT,12,5,17
ESGT-ESMT,8,9,17
ESHK-ESSV,7,10,17
ESMS-ESSP,7,10,17
ESNN-ESOE,8,9,17
ESOW-ESSB,11,6,17
ESSA-ESSD,8,9,17
ESSB-ESSD,9,8,17
ESSL-ESSV,10,7,17
EFHK-EGKB,8,8,16
EFKS-EGKK,8,8,16
EFTP-EKBI,5,11,16
EGAE-EGPH,8,8,16
EGBB-EGFF,10,6,16
EGBE-EGBJ,16,0,16
EGCM-EGNJ,16,0,16
EGFE-EGGD,9,7,16
EGGP-EGHI,7,9,16
EGGP-EGNM,9,7,16
EGGW-EKRK,10,6,16
EGHI-EGTE,5,11,16
EGHQ-EGNE,5,11,16
EGJB-EGNH,10,6,16
EGJJ-EGNH,8,8,16
EGKA-EGKA,16,0,16
EGKB-EIKY,8,8,16
EGKK-EGNX,5,11,16
EGLF-EGMC,7,9,16
EGNE-EGNJ,14,2,16
EGNR-EGOV,0,16,16
EGNT-EGNV,7,9,16
EGNT-EGWU,8,8,16
EGPD-EVRA,8,8,16
EGVN-EKCH,4,12,16
EINN-EIWT,7,9,16
EKAH-EKSB,8,8,16
EKCH-EKRK,7,9,16
EKSB-EKSB,16,0,16
EKSB-ESGG,8,8,16
ENAT-ENAT,16,0,16
ENAT-ENBO,7,9,16
ENBR-ENGK,9,7,16
ENGC-ENQS,8,8,16
ENGK-ESGT,8,8,16
ENJS-ENXW,9,7,16
ENKJ-ENZV,7,9,16
ENRK-ENTO,11,5,16
ESGJ-ESKN,8,8,16
ESGJ-ESSB,7,9,16
ESGT-ESOW,10,6,16
ESNU-ESSD,8,8,16
EVRS-EVRS,16,0,16
BIEG-ENVA,5,10,15
BIKF-EGLF,9,6,15
BIKF-EGNM,6,9,15
BIKF-EGNT,7,8,15
EFKS-EGCC,8,7,15
EFTP-EFTP,15,0,15
EFTP-ESCM,8,7,15
EFTP-ESPA,7,8,15
EGAA-EGAE,9,6,15
EGBJ-EGNE,7,8,15
EGBJ-EICK,10,5,15
EGBJ-EIWF,7,8,15
EGCC-EGSH,9,6,15
EGFF-EGLF,9,6,15
EGGD-EGHI,8,7,15
EGGP-EGJB,8,7,15
EGGP-EGSH,7,8,15
EGJA-EGTK,8,7,15
EGJJ-EGJJ,15,0,15
EGJJ-EGPK,8,7,15
EGJJ-EGSC,9,6,15
EGKB-EGSC,7,8,15
EGMC-EGNS,3,12,15
EGMC-EGTB,1,14,15
EGMD-EGTK,9,6,15
EGNH-EGTK,8,7,15
EGNM-EGTF,7,8,15
EGPE-EGPK,8,7,15
EGPF-EGQS,8,7,15
EIKN-EINN,6,9,15
EKBI-ESMS,6,9,15
EKOD-ENGM,8,7,15
ENBR-ENQW,4,11,15
ENBS-ENHF,7,8,15
ENGK-ENHD,7,8,15
ENGM-ESKN,7,8,15
ENSO-ENZV,5,10,15
ENTO-ESMQ,8,7,15
ESDF-ESGG,8,7,15
ESIA-ESIB,6,9,15
ESIB-ESSV,6,9,15
ESKN-ESNU,7,8,15
ESKN-ESSL,4,11,15
ESNU-ESSP,8,7,15
EETN-EETU,6,8,14
EETN-EFTP,8,6,14
EETU-EFNU,7,7,14
EFKU-EFOU,10,4,14
EFKU-EFPO,7,7,14
EFOU-ESSP,13,1,14
EGBB-EGHI,9,5,14
EGBB-EGPN,7,7,14
EGBJ-EGNX,6,8,14
EGBJ-EGPF,6,8,14
EGCC-EGVN,6,8,14
EGCM-EGTK,9,5,14
EGDR-EGJJ,7,7,14
EGFE-EGPF,6,8,14
EGGD-EGNM,7,7,14
EGGD-EGNX,7,7,14
EGGP-EGHQ,8,6,14
EGGP-EGWU,10,4,14
EGJA-EGJJ,7,7,14
EGKB-EIAB,6,8,14
EGKB-EIME,7,7,14
EGNE-EGNS,6,8,14
EGNE-EGPK,6,8,14
EGNH-EGNS,8,6,14
EGNL-EGPF,7,7,14
EGNM-EGTE,8,6,14
EGNM-EGTK,8,6,14
EGNM-EGWU,8,6,14
EGNV-EGWU,7,7,14
EGPE-EGPI,10,4,14
EGPF-EIKN,7,7,14
EGTB-EKGH,6,8,14
EGTF-EIKY,7,7,14
EGTK-EICK,7,7,14
EGUL-ENOL,8,6,14
EKOD-ENZV,8,6,14
EKRN-ENGM,4,10,14
ENLA-ENWV,7,7,14
ENML-ENTO,8,6,14
ENZV-ESSB,8,6,14
ESGJ-ESGL,7,7,14
ESGT-ESSL,7,7,14
ESMK-ESMK,14,0,14
ESMS-ESNU,9,5,14
ESNS-ESOE,7,7,14
ESSD-ESSL,6,8,14
BIKF-EGUN,5,8,13
BIKF-ENOL,7,6,13
BIRK-EGAA,7,6,13
BIRK-ENZV,0,13,13
EEEI-EGQS,3,10,13
EETN-EGLF,5,8,13
EFHK-ESPA,5,8,13
EFNU-EFTU,8,5,13
EFTP-ESCF,7,6,13
EFTU-EFTU,13,0,13
EGBB-EGWU,5,8,13
EGBE-EGSC,12,1,13
EGBJ-EGMC,5,8,13
EGBJ-EGNC,8,5,13
EGBJ-EGNS,5,8,13
EGCM-EGKB,7,6,13
EGFF-EGNH,8,5,13
EGGP-EIWT,7,6,13
EGHI-EGNM,6,7,13
EGHI-EGNR,8,5,13
EGJJ-EGPE,8,5,13
EGKB-EICK,6,7,13
EGLF-EVRA,4,9,13
EGLK-EGNS,7,6,13
EGMC-EGSC,1,12,13
EGMC-EIWT,6,7,13
EGNH-EGSH,7,6,13
EGNJ-EIDW,8,5,13
EGNR-EGWU,5,8,13
EGNV-EGPF,7,6,13
EGOV-EGOV,13,0,13
EGPF-EINN,7,6,13
EGPN-EGPN,13,0,13
EGPT-EGTF,7,6,13
EKBI-ESSP,2,11,13
EKCH-ESGJ,10,3,13
EKCH-ESMX,5,8,13
EKRK-EVRA,7,6,13
EKSB-EKYT,5,8,13
ENAT-ENNA,13,0,13
ENEV-ENSK,7,6,13
ENFL-ENSG,10,3,13
ENGK-ENSG,6,7,13
ENGM-ESOK,9,4,13
ENGM-ESPA,5,8,13
ENKB-ENZV,6,7,13
ENKR-ENNA,12,1,13
ENOA-ENQM,10,3,13
ENVA-ESGG,2,11,13
ENVA-ESMS,3,10,13
ESDF-ESMQ,9,4,13
ESGG-ESMX,7,6,13
ESGG-ESNX,3,10,13
ESGJ-ESOW,6,7,13
ESGT-ESMS,8,5,13
ESMQ-ESOW,6,7,13
ESNS-ESTA,8,5,13
ESOW-ESSD,7,6,13
ESSB-ESSB,13,0,13
ESSP-ESSP,13,0,13
ESSV-EVRA,6,7,13
BIRK-EGLF,6,6,12
EEKE-EETU,5,7,12
EETN-EVRS,5,7,12
EFHV-EFTP,7,5,12
EFJY-EFSI,6,6,12
EFJY-EFTU,6,6,12
EFTP-EGPK,1,11,12
EGAA-EGFE,5,7,12
EGAC-EGPI,6,6,12
EGAC-EGWU,4,8,12
EGBB-EGLC,6,6,12
EGBB-EGNV,6,6,12
EGBB-EGVN,10,2,12
EGBJ-EGLF,5,7,12
EGCC-EGMC,6,6,12
EGCM-EGTB,5,7,12
EGFF-EGKA,5,7,12
EGFF-EGNV,5,7,12
EGFF-EGSS,6,6,12
EGGP-EGPE,7,5,12
EGGP-EGTF,7,5,12
EGGP-ESGJ,9,3,12
EGGW-EGNH,6,6,12
EGGW-EGSH,5,7,12
EGHI-EGNS,6,6,12
EGJB-EGKA,5,7,12
EGJB-EGNT,8,4,12
EGJB-EGSC,7,5,12
EGJJ-EGTC,7,5,12
EGKK-EGPK,8,4,12
EGLF-EGNH,4,8,12
EGLF-EIKY,5,7,12
EGLK-EGNX,7,5,12
EGNH-EIDW,7,5,12
EGNJ-EGNT,9,3,12
EGNJ-EGPE,5,7,12
EGNJ-EGTD,6,6,12
EGNM-EINN,6,6,12
EGNR-EGNS,5,7,12
EGPD-EGWU,8,4,12
EGPE-EGSS,8,4,12
EGPN-EGTK,4,8,12
EGTE-EKCH,7,5,12
EGTR-EIWT,4,8,12
EGWU-EICK,8,4,12
EGWU-ESSA,6,6,12
EKAH-EKOD,7,5,12
EKBI-EKEB,6,6,12
EKBI-EKVD,7,5,12
EKBI-ESNU,8,4,12
EKEB-EKYT,6,6,12
EKRK-EKVD,7,5,12
ENBR-ENQR,4,8,12
ENFL-ENGK,5,7,12
ENGK-ENNO,7,5,12
ENHV-ENVD,7,5,12
ENLK-ENSK,4,8,12
ENOA-ENQD,7,5,12
ENZV-ESGG,9,3,12
ESDF-ESMS,7,5,12
ESGG-ESNS,6,6,12
ESGJ-ESSP,6,6,12
ESGJ-ESSV,6,6,12
ESGJ-ESTL,5,7,12
ESGT-ESSV,6,6,12
ESIB-ESNQ,5,7,12
ESKN-ESSV,6,6,12
ESMX-ESNS,6,6,12
ESMX-ESSL,6,6,12
ESNG-ESSA,4,8,12
ESNL-ESNU,6,6,12
ESNO-ESNU,9,3,12
ESOE-ESOE,12,0,12
ESPA-ESSL,6,6,12
ESSN-ESSV,6,6,12
ESSP-ESSV,5,7,12
BIAR-EGGW,5,6,11
BIKF-EGQS,6,5,11
BIRK-ESSA,5,6,11
EEKE-EFTP,6,5,11
EETN-EFTU,5,6,11
EETN-ESGG,4,7,11
EETU-ESSB,5,6,11
EFJY-EFJY,11,0,11
EFKK-ESNU,6,5,11
EFKT-EGGD,5,6,11
EFKU-EFSI,5,6,11
EFMA-EFTP,7,4,11
EFRO-EFRO,11,0,11
EFRO-ESSA,5,6,11
EGAA-EGPE,7,4,11
EGBB-EKYT,5,6,11
EGBB-ESGG,7,4,11
EGBB-ESPA,5,6,11
EGBE-EGNR,8,3,11
EGBJ-EGNT,5,6,11
EGBK-EGBK,11,0,11
EGBM-EGNJ,11,0,11
EGBT-EGNH,6,5,11
EGCC-EGTE,5,6,11
EGEC-EGPU,8,3,11
EGFF-EGNM,5,6,11
EGFF-EGNX,7,4,11
EGFF-EGPF,5,6,11
EGFF-EGTE,5,6,11
EGGD-EGGD,11,0,11
EGGD-EGTK,7,4,11
EGGP-EGPK,8,3,11
EGGW-EGGW,11,0,11
EGGW-EGNR,4,7,11
EGHF-EGJB,8,3,11
EGHH-EGTF,4,7,11
EGHL-EGNJ,4,7,11
EGHQ-EGJJ,7,4,11
EGHQ-EGNR,4,7,11
EGJB-EGLD,7,4,11
EGJJ-EGTB,5,6,11
EGJJ-EIWT,4,7,11
EGKB-EGSH,7,4,11
EGKB-EKYT,5,6,11
EGKB-ESSA,5,6,11
EGKK-EGNM,5,6,11
EGLC-EGTE,6,5,11
EGLC-EGTK,5,6,11
EGLF-EKRK,7,4,11
EGLK-EGTK,9,2,11
EGMC-EGSH,5,6,11
EGMD-EGNM,6,5,11
EGNJ-EGPO,5,6,11
EGNV-EGTE,6,5,11
EGNX-EGSH,8,3,11
EGPC-EKVG,7,4,11
EGPD-EIWF,4,7,11
EGPE-EKRK,6,5,11
EGPF-EKBI,5,6,11
EGPH-EGVN,6,5,11
EGSS-EGTE,5,6,11
EGTB-EGTK,11,0,11
EGTE-EIWT,6,5,11
EGVN-EGWU,6,5,11
EICK-EIKY,4,7,11
EKCH-ESSP,6,5,11
EKMB-ESMS,6,5,11
EKOD-EKVD,5,6,11
EKSB-ENGM,5,6,11
EKYT-ENVA,5,6,11
ENAT-ENHV,10,1,11
ENBR-ENSE,3,8,11
ENEG-ESNZ,5,6,11
ENFB-ENGC,6,5,11
ENFL-ENZV,5,6,11
ENGC-ENQK,6,5,11
ENHE-ENUB,7,4,11
ENKJ-ENKJ,11,0,11
ENQR-ENQV,4,7,11
ENRA-ENST,6,5,11
ENRO-ENTO,6,5,11
ENSD-ENTO,6,5,11
ENSS-ENTC,7,4,11
ENUB-ENUK,9,2,11
ESCF-ESDF,6,5,11
ESCF-ESPA,3,8,11
ESGG-ESSP,4,7,11
ESGJ-ESMS,5,6,11
ESGJ-ESNN,5,6,11
ESIB-ESIB,11,0,11
ESKN-ESMS,5,6,11
ESMK-ESMS,6,5,11
ESMS-ESPA,8,3,11
ESNL-ESNS,6,5,11
ESNN-ESPA,6,5,11
ESNU-ESUT,5,6,11
ESOW-ESTA,6,5,11
BIKF-EGPN,5,5,10
EEPU-EFTP,4,6,10
EETN-EGKB,6,4,10
EFHK-EFLA,0,10,10
EFHK-EGWU,5,5,10
EFJY-ESSB,6,4,10
EFKK-ESNS,5,5,10
EFKU-EGXW,5,5,10
EFRO-ENEV,9,1,10
EFTU-ESGJ,3,7,10
EFTU-ESKN,1,9,10
EGAA-EGNR,3,7,10
EGAA-EGSC,5,5,10
EGAA-EGWU,4,6,10
EGAC-EGPK,6,4,10
EGBB-EGNH,5,5,10
EGBB-EKRK,4,6,10
EGBJ-EGHI,5,5,10
EGBJ-EGNM,5,5,10
EGBJ-EGTR,1,9,10
EGBK-EGNJ,7,3,10
EGBK-EGNR,6,4,10
EGBP-EGLF,6,4,10
EGCC-EGNV,3,7,10
EGCC-ESSB,6,4,10
EGCM-EGHH,3,7,10
EGCM-EGJB,6,4,10
EGCM-EIWT,7,3,10
EGFE-EIDW,3,7,10
EGFF-EGHH,6,4,10
EGFF-EGKK,6,4,10
EGGD-EGNH,4,6,10
EGGP-EGLK,4,6,10
EGHH-EGPD,6,4,10
EGHH-EGPF,4,6,10
EGJB-EGSU,5,5,10
EGKB-EGTF,5,5,10
EGKB-ENCN,7,3,10
EGLF-ENBR,7,3,10
EGNE-EGPC,5,5,10
EGNJ-EGPF,3,7,10
EGNJ-EGPK,6,4,10
EGNJ-EGTE,6,4,10
EGNM-EGPK,5,5,10
EGNM-EKYT,6,4,10
EGNR-EGTE,7,3,10
EGNT-ESSA,9,1,10
EGNX-EGPN,5,5,10
EGPB-ENHD,5,5,10
EGPC-EGTK,4,6,10
EGPE-EGPN,6,4,10
EGPE-ESSB,4,6,10
EGPF-EGPN,3,7,10
EGPN-EGWU,6,4,10
EGPN-ENGM,5,5,10
EGSC-EGSH,8,2,10
EGSC-EKYT,5,5,10
EGSY-EGSY,10,0,10
EGTC-EGTE,4,6,10
EGTE-EGTE,10,0,10
EGTF-EGTK,4,6,10
EGTK-EGTK,10,0,10
EGVN-ESPA,4,6,10
EGWU-EKCH,5,5,10
EGWU-ENGM,5,5,10
EIDW-EKRK,6,4,10
EKBI-ENML,1,9,10
EKCH-ESOK,5,5,10
EKRK-ENGK,4,6,10
EKRK-ESKN,7,3,10
EKRK-ESOE,5,5,10
EKYT-ESMT,3,7,10
ENAT-ENHK,7,3,10
ENGA-ENQS,3,7,10
ENHE-ENUK,6,4,10
ENJB-ENTO,10,0,10
ENKJ-ENTO,7,3,10
ENNO-ENTO,6,4,10
ENQA-ENQB,5,5,10
ENQV-ENSE,5,5,10
ENSL-ENWK,8,2,10
ENTO-ESOW,4,6,10
ENVA-ESPA,2,8,10
ENWA-ENWE,4,6,10
ENZV-ESMS,5,5,10
ESCF-ESCM,4,6,10
ESES-ESNG,9,1,10
ESGG-ESNG,2,8,10
ESGG-ESNQ,7,3,10
ESKN-ESSD,5,5,10
ESMK-ESSA,5,5,10
ESMS-ESNN,4,6,10
ESND-ESSB,6,4,10
ESNG-ESSB,5,5,10
ESNU-ESSV,5,5,10
BIAR-EGLF,3,6,9
BIRK-EGGW,2,7,9
BIRK-EGPE,5,4,9
BIRK-ENGM,3,6,9
EEKE-EFTU,3,6,9
EETN-EFJY,4,5,9
EETU-EFTP,5,4,9
EFHK-EKRK,3,6,9
EFJY-ESCM,4,5,9
EFKK-ESNO,4,5,9
EFKT-ESSB,2,7,9
EFOU-EFTU,6,3,9
EFRO-EKCH,5,4,9
EGAA-EGMC,5,4,9
EGAA-EGPI,5,4,9
EGBB-EKAH,6,3,9
EGBB-ENGM,3,6,9
EGBJ-EGKA,2,7,9
EGCC-EGPN,4,5,9
EGFF-EGHI,7,2,9
EGFF-EGLK,0,9,9
EGFF-EICK,6,3,9
EGGD-EGHQ,4,5,9
EGGP-EGNJ,5,4,9
EGGP-ESSB,5,4,9
EGGW-EGLK,8,1,9
EGGW-EGVN,4,5,9
EGHH-EGNE,3,6,9
EGHH-EGNH,4,5,9
EGHH-EGNS,3,6,9
EGHI-EGPD,6,3,9
EGHI-EGPN,4,5,9
EGHI-EGSS,1,8,9
EGHI-EGTC,2,7,9
EGHQ-EGNM,3,6,9
EGJJ-EGNR,6,3,9
EGJJ-EGTR,4,5,9
EGKA-EGNH,5,4,9
EGKA-EGNT,4,5,9
EGKB-ENHD,5,4,9
EGKR-EGMD,9,0,9
EGLF-EGSH,7,2,9
EGLF-ESTA,5,4,9
EGLK-EGNR,4,5,9
EGMA-EGMC,9,0,9
EGNE-EINN,3,6,9
EGNH-EGNL,5,4,9
EGNH-EGNT,3,6,9
EGNJ-EGPC,3,6,9
EGNR-EGSH,4,5,9
EGNR-EGSS,5,4,9
EGNS-EGWU,4,5,9
EGNV-EGPH,3,6,9
EGPK-EGPN,3,6,9
EGPK-EGPT,4,5,9
EGSH-ENGM,2,7,9
EGTC-EGTR,0,9,9
EGUL-EGUN,5,4,9
EGWU-EIKY,5,4,9
EGWU-EINN,5,4,9
EGWU-EKRK,6,3,9
EICK-EIKN,4,5,9
EICK-EINN,1,8,9
EIKY-EINN,5,4,9
EKAH-ENCN,3,6,9
EKAT-EKRK,5,4,9
EKBI-EKKA,5,4,9
EKBI-ENCN,4,5,9
EKBI-ESGP,3,6,9
EKHG-EKRK,5,4,9
EKRK-EKSN,4,5,9
EKRK-ESTA,4,5,9
EKSB-ESSB,4,5,9
EKYT-ENRK,4,5,9
ENAL-ENSG,4,5,9
ENAL-ESSB,7,2,9
ENAN-ENGM,4,5,9
ENBR-ESSB,5,4,9
ENHM-ENJS,4,5,9
ENKJ-ESNZ,5,4,9
ENLK-ENVA,3,6,9
ENQG-ENQS,3,6,9
ENWS-ENXK,7,2,9
ESCF-ESSB,5,4,9
ESCM-ESSA,5,4,9
ESDF-ESKN,3,6,9
ESGJ-ESGT,5,4,9
ESGJ-ESNK,4,5,9
ESGP-ESMT,4,5,9
ESGT-ESSA,7,2,9
ESHK-ESSN,0,9,9
ESKM-ESMS,6,3,9
ESKM-ESSB,5,4,9
ESKN-ESOW,6,3,9
ESMS-ESMT,1,8,9
ESMT-ESOE,9,0,9
ESNZ-ESSD,4,5,9
ESNZ-ESSL,5,4,9
ESOE-ESSB,4,5,9
ESOK-ESPA,4,5,9
ESSU-ESSU,9,0,9
BIKF-EGSH,4,4,8
BIKF-EGVN,3,5,8
BIRK-EGPD,2,6,8
EEEI-EFKU,4,4,8
EEPU-ESMS,4,4,8
EFET-EGKK,4,4,8
EFHK-EFLP,4,4,8
EFHK-EKSB,4,4,8
EFHK-EKYT,2,6,8
EFHK-ESSV,4,4,8
EFJY-EFVA,3,5,8
EFKK-EFPO,2,6,8
EFKK-EFVA,4,4,8
EFKU-EFTU,5,3,8
EFKU-ESPA,4,4,8
EFLA-EFTP,4,4,8
EFLP-EFTP,2,6,8
EFOU-EKBI,6,2,8
EFPO-ESNN,4,4,8
EFTP-ESKN,4,4,8
EGAA-EGBE,5,3,8
EGAA-EGBJ,3,5,8
EGAA-EGHI,6,2,8
EGAA-EGPD,6,2,8
EGAA-EGPK,3,5,8
EGAA-EKBI,4,4,8
EGAC-EGAC,8,0,8
EGAE-EGBB,4,4,8
EGBB-ESMS,5,3,8
EGBE-EGFF,7,1,8
EGBE-EIDL,5,3,8
EGBJ-EGCM,5,3,8
EGBJ-EGNH,4,4,8
EGBP-EGJJ,3,5,8
EGBP-EGPH,4,4,8
EGCC-EGLC,3,5,8
EGCC-EGNR,5,3,8
EGCM-EGKA,6,2,8
EGEO-EGTF,3,5,8
EGFE-EGNH,5,3,8
EGFF-EGHQ,4,4,8
EGFF-EGJB,4,4,8
EGFF-EGKB,2,6,8
EGGP-EGTR,5,3,8
EGGP-EGYD,4,4,8
EGGP-EKYT,3,5,8
EGGW-EGSC,5,3,8
EGGW-ENZV,5,3,8
EGHI-EGLK,4,4,8
EGHL-EGHL,8,0,8
EGHL-EGSS,4,4,8
EGJB-EGVN,4,4,8
EGJJ-EGVN,2,6,8
EGKA-EGTE,5,3,8
EGKB-EGNE,3,5,8
EGKB-EGTC,6,2,8
EGKB-EKAH,5,3,8
EGKB-ENBR,7,1,8
EGKK-ESKS,4,4,8
EGLF-EGSC,3,5,8
EGLF-ENTO,3,5,8
EGLF-ESCF,4,4,8
EGLK-EGMD,7,1,8
EGNE-EGNT,4,4,8
EGNH-EGNM,4,4,8
EGNH-EGNV,4,4,8
EGNH-EINN,5,3,8
EGNL-EGTE,4,4,8
EGNM-EGPD,1,7,8
EGNR-EIWF,5,3,8
EGNS-EGTC,4,4,8
EGNT-EGPE,5,3,8
EGNV-EGNX,3,5,8
EGNX-EGTC,7,1,8
EGPB-ENVA,4,4,8
EGPD-ESGG,5,3,8
EGPE-EGXE,4,4,8
EGPE-EICK,5,3,8
EGPK-EGPO,5,3,8
EGPK-EGUN,6,2,8
EGPN-EIDW,4,4,8
EGSS-EGSY,3,5,8
EGTE-EGTR,4,4,8
EGTK-EGTR,0,8,8
EGTR-EIKN,5,3,8
EGTR-EIWF,4,4,8
EGUN-EGXE,4,4,8
EGUN-EGYD,0,8,8
EGWU-EKSB,6,2,8
EGXC-ESPA,2,6,8
EIME-EISG,4,4,8
EKAH-ESGG,5,3,8
EKAH-ESSA,2,6,8
EKCH-ESNZ,4,4,8
EKEB-ENCN,4,4,8
EKOD-EKRN,4,4,8
EKOD-ESSB,4,4,8
EKRK-ESMT,4,4,8
EKRK-ESMX,4,4,8
EKYT-ENHD,4,4,8
EKYT-EVRA,2,6,8
ENAL-ENBL,5,3,8
ENAT-ENSB,6,2,8
ENBN-ENSK,7,1,8
ENEV-ENLK,3,5,8
ENGK-ESOK,4,4,8
ENKB-ENOA,4,4,8
ENNE-ENUN,5,3,8
ENRA-ENSK,3,5,8
ENTO-ESGG,3,5,8
ENVA-ESSB,4,4,8
ESCM-ESSV,6,2,8
ESDF-ESOW,4,4,8
ESDF-ESSV,4,4,8
ESEN-ESGP,6,2,8
ESGG-ESGJ,2,6,8
ESGG-ESMT,4,4,8
ESGG-ESNK,3,5,8
ESGG-ESOW,4,4,8
ESGJ-ESMQ,1,7,8
ESGP-ESSV,4,4,8
ESGT-ESMQ,3,5,8
ESIB-ESKN,4,4,8
ESIB-ESSL,3,5,8
ESKC-ESKC,8,0,8
ESKM-ESNU,4,4,8
ESKN-ESPA,4,4,8
ESMX-ESOW,5,3,8
ESND-ESOW,4,4,8
ESNO-ESNO,8,0,8
ESOK-ESOW,5,3,8
ESPA-ESSD,7,1,8
ESSD-ESSP,6,2,8
ESSL-ESTA,5,3,8
ESSN-ESUT,4,4,8
BIEG-EGLF,3,4,7
BIKF-EGPD,2,5,7
BIKF-EGTK,3,4,7
BIKF-EGWU,3,4,7
BIRK-EINN,6,1,7
BIRK-ENVA,5,2,7
EEEI-ESCF,0,7,7
EEKA-EFTU,5,2,7
EEKE-EFPO,4,3,7
EEKE-EVLA,3,4,7
EFIV-EFRO,4,3,7
EFJY-EFUT,5,2,7
EFJY-ENBO,4,3,7
EFKK-EFTP,2,5,7
EFLP-EVRA,5,2,7
EFMA-ESSB,1,6,7
EFOU-EFVA,4,3,7
EFPO-ESNS,2,5,7
EFPO-ESNU,4,3,7
EFSI-EFTU,4,3,7
EFTP-ESIB,4,3,7
EFTU-EFUT,0,7,7
EFTU-EGLF,2,5,7
EGAA-EGSH,5,2,7
EGAC-EKCH,2,5,7
EGBB-EGLL,4,3,7
EGBE-EGHH,4,3,7
EGBE-EGTK,7,0,7
EGBJ-EGNR,2,5,7
EGBJ-EGNV,3,4,7
EGBJ-EGSC,3,4,7
EGBJ-EGTF,2,5,7
EGBP-EGBP,7,0,7
EGBP-EGGW,3,4,7
EGBW-EGNS,3,4,7
EGCM-EGLF,3,4,7
EGCM-EGNV,6,1,7
EGCM-EGTF,5,2,7
EGFE-EGGP,2,5,7
EGFE-EGGW,4,3,7
EGFE-EGNT,3,4,7
EGFF-EGHS,3,4,7
EGFF-EGNR,2,5,7
EGFF-EGNT,3,4,7
EGGD-EGMC,2,5,7
EGGD-EGNJ,4,3,7
EGGD-EGSH,4,3,7
EGGW-EKSB,3,4,7
EGGW-ESNX,4,3,7
EGHH-EGHQ,4,3,7
EGHH-EGMC,2,5,7
EGHH-EGNL,4,3,7
EGHI-EGLC,4,3,7
EGHI-EGSH,4,3,7
EGHQ-EGNV,4,3,7
EGJA-EGTB,4,3,7
EGJB-EGNJ,3,4,7
EGJB-EGTC,4,3,7
EGJB-EKRK,4,3,7
EGJJ-EGNS,3,4,7
EGJJ-EKCH,3,4,7
EGJJ-ESSB,4,3,7
EGKA-EGSS,4,3,7
EGKA-EGTU,3,4,7
EGKB-EGPC,3,4,7
EGKB-EKSB,3,4,7
EGKB-ENVA,3,4,7
EGKK-EGTE,3,4,7
EGLC-ENGM,5,2,7
EGLF-EGLL,3,4,7
EGLF-EKYT,3,4,7
EGLF-ESOK,4,3,7
EGMC-EGPH,4,3,7
EGNE-EGPL,4,3,7
EGNE-EIWT,6,1,7
EGNH-EGNR,2,5,7
EGNJ-EGNR,2,5,7
EGNM-EGNR,4,3,7
EGNM-EGSH,2,5,7
EGNM-EICK,3,4,7
EGNR-EICK,4,3,7
EGNS-EGNS,7,0,7
EGNS-EGPN,4,3,7
EGNS-EGTB,3,4,7
EGNT-EGSC,3,4,7
EGNT-EGSH,5,2,7
EGNT-EGTF,1,6,7
EGNT-EIME,5,2,7
EGNV-EGPE,4,3,7
EGNV-EINN,3,4,7
EGNV-ENBR,3,4,7
EGPD-EGTK,5,2,7
EGPF-EKYT,1,6,7
EGPH-EGPI,1,6,7
EGPH-EGQS,2,5,7
EGPK-EGTE,2,5,7
EGPL-EGTK,4,3,7
EGPL-EGUN,5,2,7
EGPN-EGTE,3,4,7
EGSH-EGTK,3,4,7
EGTK-ESSA,5,2,7
EGXE-EGXE,7,0,7
EINN-EISG,4,3,7
EINN-ENGM,2,5,7
EKAH-ENGK,3,4,7
EKAH-ESMS,4,3,7
EKCH-EKEB,3,4,7
EKHG-ESMS,4,3,7
EKKA-EVRA,5,2,7
EKRK-ENRK,3,4,7
ENAT-ENSK,4,3,7
ENBL-ENGK,4,3,7
ENBL-ENTO,4,3,7
ENBO-ENZV,5,2,7
ENCN-ENHD,3,4,7
ENCN-ENRK,3,4,7
ENFL-ENFL,7,0,7
ENGK-ENGM,5,2,7
ENGM-ENRA,1,6,7
ENGM-ESTA,1,6,7
ENHF-ENNA,1,6,7
ENKB-ENML,3,4,7
ENKR-ENKR,7,0,7
ENML-ENSO,1,6,7
ENOC-ENQM,4,3,7
ENOL-ENOL,7,0,7
ENOV-ENOV,7,0,7
ENQK-ENQW,4,3,7
ENRK-ESOW,4,3,7
ENSG-ENZV,3,4,7
ENSN-ENSN,7,0,7
ENTC-ENTO,6,1,7
ENTC-ENZV,2,5,7
ENTO-ESSA,5,2,7
ENVA-ESSP,3,4,7
ESCM-ESDF,3,4,7
ESCM-ESNU,3,4,7
ESGP-ESMS,3,4,7
ESGP-ESOK,3,4,7
ESGT-ESKM,0,7,7
ESGT-ESKN,4,3,7
ESGT-ESTA,5,2,7
ESIB-ESNX,3,4,7
ESMS-ESOK,4,3,7
ESMV-ESMV,7,0,7
ESNU-ESNU,7,0,7
ESNU-ESOW,3,4,7
ESNU-ESSL,2,5,7
ESOE-ESOW,3,4,7
ESOK-ESSL,3,4,7
ESOW-ESSP,3,4,7
ESSA-ESSU,1,6,7
ESSU-ESSV,2,5,7
BIAR-EKYT,3,3,6
BIAR-ESGG,4,2,6
BIRK-EGPF,4,2,6
BIRK-EIDW,5,1,6
EEEI-EFJY,3,3,6
EETI-EETN,5,1,6
EETN-EGCC,2,4,6
EETN-ESMT,3,3,6
EFHA-EFRO,3,3,6
EFHA-EFTU,3,3,6
EFHK-EFUT,3,3,6
EFHK-ENKR,6,0,6
EFHK-ESNX,3,3,6
EFIV-EKRK,3,3,6
EFJO-EFKU,4,2,6
EFJY-ESCF,2,4,6
EFKT-ESNQ,2,4,6
EFKU-EFKU,6,0,6
EFKU-EVRA,3,3,6
EFLP-EFUT,2,4,6
EFNU-EFTP,4,2,6
EFOU-ENGM,3,3,6
EFPO-ESSP,3,3,6
EFRO-EKYT,3,3,6
EFTP-ESNU,3,3,6
EFTP-ESSL,4,2,6
EFTP-ESSV,3,3,6
EFTU-EGUN,3,3,6
EFTU-ESSV,3,3,6
EGAA-EGHH,3,3,6
EGAA-EGLJ,3,3,6
EGAA-EGNH,3,3,6
EGAA-EGTE,6,0,6
EGAC-EGNR,3,3,6
EGBB-EGHQ,4,2,6
EGBB-EGNJ,1,5,6
EGBB-ENBR,3,3,6
EGBE-EGPF,3,3,6
EGBJ-EGCC,1,5,6
EGBJ-EGGD,2,4,6
EGBJ-EGPK,3,3,6
EGBJ-EGPN,3,3,6
EGBJ-EGTB,1,5,6
EGBJ-EGTD,4,2,6
EGBK-EGUB,3,3,6
EGBO-EGJJ,3,3,6
EGBW-EIWT,4,2,6
EGCM-EGCM,6,0,6
EGFE-EGJJ,3,3,6
EGFE-EGNM,2,4,6
EGFE-EGNX,1,5,6
EGFE-EGPL,3,3,6
EGFF-EIWF,3,3,6
EGGD-ENGM,1,5,6
EGGP-EGSC,3,3,6
EGGP-EGTC,3,3,6
EGGP-ENZV,2,4,6
EGGP-ESGG,3,3,6
EGGW-EIME,3,3,6
EGGW-ENAL,2,4,6
EGHH-EGPN,3,3,6
EGHH-EGSY,1,5,6
EGHH-EGXW,3,3,6
EGHI-EGHI,6,0,6
EGHI-EGPB,2,4,6
EGHI-EGPE,4,2,6
EGHI-EIME,3,3,6
EGHI-ESSB,4,2,6
EGHQ-EGMC,4,2,6
EGHQ-EGTE,4,2,6
EGHQ-EGWU,3,3,6
EGJA-EGKA,3,3,6
EGJB-EGNE,3,3,6
EGJB-EGTB,3,3,6
EGJB-EICK,4,2,6
EGJB-EKCH,4,2,6
EGJJ-EGNE,4,2,6
EGJJ-EINN,3,3,6
EGKA-EGKB,3,3,6
EGKB-EIKN,4,2,6
EGKB-EIWT,4,2,6
EGKB-ESNZ,2,4,6
EGKB-ESTA,3,3,6
EGLF-EGPC,4,2,6
EGLF-ESMS,1,5,6
EGLK-EGPD,3,3,6
EGNE-EGNM,5,1,6
EGNE-EGPE,2,4,6
EGNE-EGPN,4,2,6
EGNE-EGTF,3,3,6
EGNH-EGPK,4,2,6
EGNH-EGSS,2,4,6
EGNH-EGTB,3,3,6
EGNJ-EGNS,3,3,6
EGNJ-EGSH,4,2,6
EGNJ-EGTK,4,2,6
EGNJ-EKSP,3,3,6
EGNR-EGNT,1,5,6
EGNR-EGPH,4,2,6
EGNR-EIKH,3,3,6
EGNR-EIWT,3,3,6
EGNR-ESSB,2,4,6
EGNS-EGSC,3,3,6
EGNT-EGVN,2,4,6
EGNV-EGOS,3,3,6
EGNV-EGTF,3,3,6
EGPC-EGPF,2,4,6
EGPC-EGPK,3,3,6
EGPE-EGTC,2,4,6
EGPF-EGTC,3,3,6
EGPF-EIDL,3,3,6
EGPF-ENGM,2,4,6
EGPG-EGTE,3,3,6
EGPG-EGTF,4,2,6
EGPI-EGTK,3,3,6
EGPK-EGPL,2,4,6
EGPL-EGWU,3,3,6
EGPN-EGSS,4,2,6
EGQS-ENEV,3,3,6
EGSC-ESIB,3,3,6
EGSH-EGTE,2,4,6
EGSS-ESPA,4,2,6
EGTC-EIKY,4,2,6
EGTK-EIWT,3,3,6
EGTK-EKRK,3,3,6
EGTR-EIKY,3,3,6
EGUN-ENOL,3,3,6
EGWU-EGXW,3,3,6
EGYM-EGYM,6,0,6
EIDL-EIME,3,3,6
EIKN-EIME,1,5,6
EINN-EIWF,3,3,6
EIWF-EIWF,6,0,6
EKAH-EKEB,3,3,6
EKAH-ENKJ,3,3,6
EKAH-ENTO,4,2,6
EKBI-EKHG,2,4,6
EKCH-ESPA,3,3,6
EKEB-EKNI,1,5,6
EKEB-EKSB,2,4,6
EKLS-EKRK,4,2,6
EKOD-ESMT,3,3,6
EKRK-EKTS,2,4,6
EKRK-ENCN,2,4,6
EKRK-ESGT,3,3,6
EKRK-ESKM,1,5,6
EKRK-ESKS,3,3,6
EKYT-ENBR,1,5,6
EKYT-ESMX,1,5,6
EKYT-ESMY,3,3,6
ENAL-ENBO,0,6,6
ENAL-ESGG,1,5,6
ENAT-ENBV,6,0,6
ENBL-ENOV,2,4,6
ENBL-ENZV,2,4,6
ENBO-ENTO,1,5,6
ENCN-ENFL,1,5,6
ENCN-ENOL,3,3,6
ENCN-ENSN,2,4,6
ENDP-ENWG,1,5,6
ENDU-ENTC,3,3,6
ENEG-ENNM,3,3,6
ENEV-ESCF,6,0,6
ENFA-ENGM,4,2,6
ENGC-ENSF,4,2,6
ENGK-ENSD,4,2,6
ENGM-ESND,4,2,6
ENGM-ESSL,4,2,6
ENGM-ESSV,2,4,6
ENJS-ENXZ,1,5,6
ENKB-ENTO,3,3,6
ENKB-ENUS,3,3,6
ENKJ-ENNO,3,3,6
ENKJ-ESST,3,3,6
ENLK-ENRS,5,1,6
ENOA-ENQA,5,1,6
ENQD-ENQE,3,3,6
ENQE-ENQO,3,3,6
ENQM-ENQO,2,4,6
ENRS-ENVA,3,3,6
ENTO-ESGT,3,3,6
ESCM-ESPA,1,5,6
ESDF-ESPA,2,4,6
ESDF-ESSL,4,2,6
ESGJ-ESGJ,6,0,6
ESGJ-ESNS,3,3,6
ESGP-ESSB,3,3,6
ESGP-ESSN,3,3,6
ESGT-ESOE,5,1,6
ESGT-ESOK,3,3,6
ESIA-ESNQ,2,4,6
ESKN-ESMT,4,2,6
ESKN-ESOK,3,3,6
ESMK-ESSL,3,3,6
ESMQ-ESTA,0,6,6
ESMS-ESNS,2,4,6
ESMS-ESSD,3,3,6
ESMX-ESSV,3,3,6
ESMX-ESTL,3,3,6
ESNN-ESTA,3,3,6
ESNO-ESSB,3,3,6
ESNZ-ESOK,3,3,6
ESNZ-ESOW,5,1,6
ESNZ-ESSP,4,2,6
ESOE-ESPA,4,2,6
ESOE-ESSP,2,4,6
ESOK-ESSP,4,2,6
ESPE-ESSL,3,3,6
ESSD-ESST,3,3,6
ESSD-ESSU,3,3,6
ESSE-ESSE,6,0,6
ESSN-ESVK,3,3,6
BIAR-EGGP,3,2,5
BIAR-ENGM,2,3,5
BIKF-EFRO,1,4,5
BIKF-EGHI,3,2,5
BIKF-EKRK,4,1,5
BIKF-ENDU,2,3,5
BIRK-EGKB,4,1,5
BIRK-EGTK,1,4,5
BIRK-EKCH,3,2,5
BIRK-ENAL,1,4,5
BIRK-ESSB,2,3,5
EEEI-EGPK,1,4,5
EEEI-EGSS,2,3,5
EEEI-EVRA,3,2,5
EEKA-EETU,2,3,5
EEPU-EFNU,3,2,5
EETN-EFSA,3,2,5
EETN-EGWU,3,2,5
EETU-ENGM,2,3,5
EETU-ESGG,3,2,5
EETU-ESSA,3,2,5
EFET-EGBB,3,2,5
EFHA-EFUT,2,3,5
EFHK-EKVJ,0,5,5
EFHK-ESMK,3,2,5
EFHK-ESMQ,2,3,5
EFHK-ESNU,1,4,5
EFHK-ESSP,2,3,5
EFHK-ESTA,3,2,5
EFIV-EKCH,3,2,5
EFJO-EFTP,5,0,5
EFJY-EFKI,1,4,5
EFJY-EFLP,1,4,5
EFJY-ESPA,3,2,5
EFKI-EFKU,1,4,5
EFKI-EFRO,2,3,5
EFKT-EFTP,3,2,5
EFLA-ESOE,0,5,5
EFOU-EFOU,5,0,5
EFRO-EGGW,2,3,5
EFRO-EKRK,3,2,5
EFRO-ESPA,2,3,5
EFSA-EFTP,5,0,5
EFTP-ESMT,2,3,5
EFTU-ESDF,2,3,5
EGAA-EGLK,3,2,5
EGAA-EGUN,2,3,5
EGAA-EICK,3,2,5
EGAA-EIKY,2,3,5
EGAC-EGSS,1,4,5
EGAD-EGTR,3,2,5
EGAE-EGKB,3,2,5
EGAE-EGNS,3,2,5
EGAE-EGPK,3,2,5
EGAE-EGTC,2,3,5
EGAE-EIDW,4,1,5
EGBB-EGKA,2,3,5
EGBB-EGSC,2,3,5
EGBB-EGSH,3,2,5
EGBB-EIWF,3,2,5
EGBB-ESOE,2,3,5
EGBB-EVRA,2,3,5
EGBE-EGGP,4,1,5
EGBE-EGPG,3,2,5
EGBJ-EIAB,2,3,5
EGBJ-EINN,3,2,5
EGBJ-ENGM,3,2,5
EGBM-EGNH,3,2,5
EGBN-EGNH,2,3,5
EGBP-EGKB,4,1,5
EGCC-EGFE,2,3,5
EGCC-EGKA,1,4,5
EGCC-EGLK,2,3,5
EGCC-EGNH,1,4,5
EGCC-EGPT,2,3,5
EGCC-EKYT,2,3,5
EGCM-EGNT,3,2,5
EGCS-EGHH,3,2,5
EGDM-EGDM,5,0,5
EGDR-EGJB,2,3,5
EGDR-EGWU,1,4,5
EGFE-EGFF,5,0,5
EGFE-EGKB,2,3,5
EGFE-EGNV,3,2,5
EGFF-EGYD,0,5,5
EGGD-EGPK,3,2,5
EGGP-EGHF,4,1,5
EGGW-ESNZ,3,2,5
EGHC-EGTF,1,4,5
EGHF-EGPT,3,2,5
EGHF-EGTK,3,2,5
EGHH-EGJA,4,1,5
EGHH-EGLC,2,3,5
EGHH-EICK,2,3,5
EGHI-EGKK,3,2,5
EGHI-EGPO,2,3,5
EGHI-EGWU,0,5,5
EGHL-EGNM,3,2,5
EGHQ-EGKA,3,2,5
EGHQ-EGTC,2,3,5
EGHQ-EGTF,1,4,5
EGJA-EGKR,2,3,5
EGJA-EGLD,3,2,5
EGJB-EGTU,3,2,5
EGJJ-EGKA,3,2,5
EGJJ-EGKR,2,3,5
EGJJ-EGPN,1,4,5
EGKA-EGSC,3,2,5
EGKA-EKRK,2,3,5
EGKB-EGKK,4,1,5
EGKB-EGLK,4,1,5
EGKB-ENTO,1,4,5
EGKB-ESMS,2,3,5
EGKK-EGVN,3,2,5
EGKK-ESGG,2,3,5
EGLC-EGLC,5,0,5
EGLC-EGNH,4,1,5
EGLC-EGNM,5,0,5
EGLC-EINN,4,1,5
EGLC-EKRK,3,2,5
EGLC-ENVA,3,2,5
EGLC-ESGG,3,2,5
EGLF-EIKN,3,2,5
EGLF-ENVA,3,2,5
EGLF-ESNQ,2,3,5
EGLK-EGLK,5,0,5
EGLK-EGNM,3,2,5
EGLK-EGPE,2,3,5
EGLK-EGPF,3,2,5
EGMC-EGWU,3,2,5
EGMC-EIDW,3,2,5
EGNE-EGPF,2,3,5
EGNE-EGPG,2,3,5
EGNE-EGSH,3,2,5
EGNH-EGPE,4,1,5
EGNH-EGPF,1,4,5
EGNH-EGTC,3,2,5
EGNH-EGTE,3,2,5
EGNH-EGTR,2,3,5
EGNJ-EGPH,1,4,5
EGNJ-EGPN,3,2,5
EGNJ-EGSC,3,2,5
EGNL-EGNO,0,5,5
EGNO-EGSS,2,3,5
EGNR-EGPF,3,2,5
EGNR-EGSC,2,3,5
EGNR-EGSU,1,4,5
EGNR-EKRK,2,3,5
EGNS-EGOV,0,5,5
EGNS-EGPK,3,2,5
EGNT-EGNT,5,0,5
EGNT-EGPK,0,5,5
EGNV-EGNV,5,0,5
EGNV-EGPK,2,3,5
EGNV-EGPT,2,3,5
EGNV-EIWT,3,2,5
EGNV-EKCH,3,2,5
EGNX-EGPG,2,3,5
EGNX-EKYT,3,2,5
EGPD-EKYT,2,3,5
EGPF-EGSC,1,4,5
EGPH-EGSC,3,2,5
EGPH-EGSH,3,2,5
EGPH-ESSB,1,4,5
EGPN-EGPT,0,5,5
EGPN-EGTF,3,2,5
EGPN-EIWT,3,2,5
EGPN-ESSB,3,2,5
EGQS-EGWU,3,2,5
EGSC-EIDW,2,3,5
EGSC-ENGM,3,2,5
EGSF-EIDL,2,3,5
EGSH-EGSS,3,2,5
EGSH-EGWU,2,3,5
EGSH-EIDW,2,3,5
EGSH-EKCH,4,1,5
EGTC-EIDW,2,3,5
EGTC-EINN,3,2,5
EGTE-EGWU,2,3,5
EGTE-EIKY,3,2,5
EGTF-EINN,2,3,5
EGTF-EKOD,3,2,5
EGTK-ENBR,3,2,5
EGVN-EKBI,3,2,5
EGWU-EGYM,4,1,5
EGWU-EIME,1,4,5
EGWU-ENDU,3,2,5
EGWU-ENVA,3,2,5
EGWU-ESTA,2,3,5
EICK-EIWT,3,2,5
EIDL-EIKY,1,4,5
EIKN-EIKY,3,2,5
EIKN-EIWT,3,2,5
EIME-EIWF,3,2,5
EINN-EKCH,1,4,5
EINN-ENDU,3,2,5
EKAH-ESDF,3,2,5
EKBI-EKSN,2,3,5
EKBI-ENAL,3,2,5
EKBI-ESGT,3,2,5
EKBI-ESSV,2,3,5
EKCH-EKOD,2,3,5
EKCH-ENBO,2,3,5
EKCH-ESNX,3,2,5
EKEB-ENGM,4,1,5
EKRD-EKRN,2,3,5
EKRK-ENBR,3,2,5
EKRK-ENVA,4,1,5
EKRK-ESGP,3,2,5
EKRK-ESNZ,3,2,5
EKRK-ESTL,2,3,5
EKSB-EKVD,2,3,5
EKVG-ENZV,1,4,5
EKYT-ESOK,2,3,5
ENAL-ENSO,2,3,5
ENAL-ESSA,4,1,5
ENAN-ENDU,1,4,5
ENAT-ENST,3,2,5
ENAT-ENVA,1,4,5
ENBN-ENEV,4,1,5
ENBO-ENDU,3,2,5
ENBS-ENHV,5,0,5
ENCN-ESGG,2,3,5
ENDP-ENJS,1,4,5
ENGM-ESGT,2,3,5
ENGM-ESNN,2,3,5
ENGM-ESNQ,2,3,5
ENGM-ESNU,4,1,5
ENHF-ENSS,2,3,5
ENHV-ENKR,1,4,5
ENJB-ENZV,3,2,5
ENJS-ENWG,4,1,5
ENJS-ENWK,3,2,5
ENKJ-ESGJ,2,3,5
ENLE-ENXB,5,0,5
ENNE-ENUS,1,4,5
ENOA-ENQB,4,1,5
ENOA-ENQL,3,2,5
ENOL-ENVA,4,1,5
ENOV-ENTO,3,2,5
ENQC-ENQE,2,3,5
ENQL-ENQO,5,0,5
ENRK-ENVA,3,2,5
ENRM-ENST,2,3,5
ENRS-ENTC,1,4,5
ENSH-ENTC,1,4,5
ESCM-ESNZ,4,1,5
ESGE-ESGT,2,3,5
ESGG-ESKS,2,3,5
ESGG-ESSU,2,3,5
ESGJ-ESSD,2,3,5
ESGO-ESSB,2,3,5
ESGP-ESMX,3,2,5
ESGP-ESOE,3,2,5
ESGR-ESSL,3,2,5
ESIB-ESMS,2,3,5
ESKM-ESOW,2,3,5
ESKM-ESSL,2,3,5
ESKN-ESMK,3,2,5
ESKN-ESNZ,3,2,5
ESKN-ESSP,2,3,5
ESME-ESOW,2,3,5
ESMK-ESSV,3,2,5
ESML-ESSL,2,3,5
ESMS-ESNQ,2,3,5
ESMT-ESMT,5,0,5
ESND-ESSD,3,2,5
ESNK-ESOW,3,2,5
ESNO-ESNZ,3,2,5
ESNQ-ESNZ,3,2,5
ESNS-ESOW,3,2,5
ESNS-ESSL,3,2,5
ESNV-ESSA,1,4,5
ESOW-ESSL,2,3,5
ESOW-ESSN,3,2,5
ESPA-ESTA,1,4,5
EVGA-EVRA,3,2,5
BIAR-EGCC,2,2,4
BIAR-EGPC,3,1,4
BIAR-EGPH,3,1,4
BIAR-ENAL,4,0,4
BIAR-ENBR,2,2,4
BIKF-EGCM,3,1,4
BIKF-EGFF,1,3,4
BIKF-EGPE,2,2,4
BIKF-EGSC,2,2,4
BIKF-EGTE,2,2,4
BIKF-ENAN,3,1,4
BIKF-ESMS,2,2,4
BIRK-EGCC,2,2,4
BIRK-EGGD,2,2,4
BIRK-EGPH,3,1,4
BIRK-EIWT,2,2,4
BIRK-EKRK,3,1,4
EEEI-EFHK,2,2,4
EEEI-ESKN,2,2,4
EEKE-EVRA,2,2,4
EEPU-EETN,2,2,4
EEPU-EFTU,3,1,4
EETN-EFHV,2,2,4
EETN-EGNV,1,3,4
EETN-ESPA,3,1,4
EETN-ESSL,0,4,4
EFET-EGNM,2,2,4
EFET-EGNT,2,2,4
EFEU-EFMA,2,2,4
EFHK-EGHH,2,2,4
EFHK-EGTK,2,2,4
EFHK-ENTO,3,1,4
EFHK-ESGL,2,2,4
EFHK-ESKN,2,2,4
EFHK-ESNQ,2,2,4
EFIV-ESSB,0,4,4
EFJO-EFLA,3,1,4
EFJO-EFSA,3,1,4
EFJY-ESSV,2,2,4
EFKE-EFRO,1,3,4
EFKK-EFOU,3,1,4
EFKT-EKRK,2,2,4
EFKT-ESNU,2,2,4
EFKU-EFMI,2,2,4
EFKU-ENGM,3,1,4
EFKU-ESIB,3,1,4
EFMA-EVRA,2,2,4
EFMI-EFUT,2,2,4
EFPO-EKRK,2,2,4
EFPO-ESNK,2,2,4
EFRO-EFSI,2,2,4
EFRO-EGCC,2,2,4
EFRO-EGGD,2,2,4
EFRO-EGLF,1,3,4
EFRO-ESNU,3,1,4
EFSI-ENGM,1,3,4
EFTP-EKVD,1,3,4
EFTP-ESNS,2,2,4
EFTP-ESSP,2,2,4
EFTU-EKBI,2,2,4
EFTU-EKRK,2,2,4
EFTU-ESIB,2,2,4
EFTU-ESMS,3,1,4
EGAA-EGNJ,2,2,4
EGAA-EGNV,3,1,4
EGAA-EGTC,2,2,4
EGAA-EGTR,2,2,4
EGAA-EIKN,2,2,4
EGAC-EGBJ,2,2,4
EGAC-EGNJ,2,2,4
EGAC-EICK,2,2,4
EGAD-EGTF,2,2,4
EGAE-EGLF,2,2,4
EGAE-EGPE,1,3,4
EGBB-EGHL,2,2,4
EGBB-EGMC,3,1,4
EGBB-ESSB,3,1,4
EGBE-EGJJ,2,2,4
EGBJ-EGEO,2,2,4
EGBJ-EGMD,2,2,4
EGBJ-EGPT,1,3,4
EGBJ-EIDG,1,3,4
EGBK-EGMD,2,2,4
EGBK-EGNX,1,3,4
EGBM-EGJJ,2,2,4
EGBM-EGTC,4,0,4
EGBO-EGKB,1,3,4
EGBS-EGNM,1,3,4
EGBT-EGGP,2,2,4
EGBW-EGGP,2,2,4
EGCC-EGCM,3,1,4
EGCC-EGHL,2,2,4
EGCC-EGLD,1,3,4
EGCC-EIME,3,1,4
EGCC-EKRK,2,2,4
EGCC-ESOK,2,2,4
EGCK-EGSC,2,2,4
EGCM-EGJJ,2,2,4
EGCV-EGPG,2,2,4
EGET-EGPD,2,2,4
EGFE-EGJB,1,3,4
EGFE-EGLK,1,3,4
EGFE-EGPE,2,2,4
EGFE-EGPN,3,1,4
EGFE-EGTK,3,1,4
EGFF-EGNS,2,2,4
EGFF-EGPD,1,3,4
EGFF-EGSH,2,2,4
EGFF-EGSX,2,2,4
EGFF-EGTC,2,2,4
EGFF-EGVN,1,3,4
EGGD-EGLC,1,3,4
EGGD-EGSC,2,2,4
EGGD-EIWF,1,3,4
EGGP-EGHC,2,2,4
EGGP-EGMD,2,2,4
EGGP-EGXW,0,4,4
EGGP-EIDL,2,2,4
EGGP-EIME,4,0,4
EGGW-ENTO,1,3,4
EGGW-ESMS,2,2,4
EGHC-EGNM,2,2,4
EGHE-EGLD,2,2,4
EGHH-EGMD,1,3,4
EGHH-EGPE,3,1,4
EGHH-EGSH,3,1,4
EGHI-EGNH,2,2,4
EGHI-EGNV,1,3,4
EGHQ-EGHQ,4,0,4
EGHQ-EGPF,2,2,4
EGHQ-EGSH,2,2,4
EGJB-EGMD,2,2,4
EGJB-EGPD,1,3,4
EGJB-EGPE,2,2,4
EGJB-EGSY,2,2,4
EGJJ-EGLD,2,2,4
EGJJ-EGTU,2,2,4
EGJJ-EIKY,2,2,4
EGJJ-EIWF,1,3,4
EGJJ-EKOD,2,2,4
EGJJ-ESGG,3,1,4
EGKB-EGLL,1,3,4
EGKB-EGPG,2,2,4
EGKB-EGPO,2,2,4
EGKB-EGXW,2,2,4
EGKB-EIMH,2,2,4
EGKB-ESSL,2,2,4
EGKK-EGLF,3,1,4
EGKK-EGNJ,2,2,4
EGLC-EGMC,2,2,4
EGLC-EKCH,3,1,4
EGLC-ESMK,2,2,4
EGLD-EIWT,3,1,4
EGLF-EGLK,2,2,4
EGLF-EGTC,2,2,4
EGLF-ESNX,2,2,4
EGLJ-EGPK,2,2,4
EGLK-EGNT,2,2,4
EGLK-EGSC,2,2,4
EGLK-EGTE,3,1,4
EGLK-EICK,2,2,4
EGLL-EGVN,2,2,4
EGMA-EGTC,4,0,4
EGMC-EGNT,2,2,4
EGMC-EGNX,1,3,4
EGMC-EGPC,3,1,4
EGMC-EGTR,0,4,4
EGMC-EGTU,2,2,4
EGMD-EGNH,2,2,4
EGMD-EGNT,2,2,4
EGMD-EGNX,2,2,4
EGMD-EGSC,2,2,4
EGNC-EGPF,2,2,4
EGNE-EGPO,2,2,4
EGNE-ENEV,2,2,4
EGNH-EGPH,1,3,4
EGNH-EGTF,2,2,4
EGNH-EKRK,2,2,4
EGNJ-EGXW,0,4,4
EGNM-EGNV,1,3,4
EGNM-EGPI,2,2,4
EGNM-EKCH,2,2,4
EGNO-EGOV,0,4,4
EGNO-EGQS,3,1,4
EGNR-EGNX,2,2,4
EGNR-EGPE,1,3,4
EGNR-EGSR,2,2,4
EGNR-EGXW,1,3,4
EGNS-EGSF,2,2,4
EGNS-EIWT,1,3,4
EGNT-EGXW,2,2,4
EGNT-ESGG,3,1,4
EGNV-EGSH,1,3,4
EGNV-EGVN,2,2,4
EGNV-ENTO,2,2,4
EGNV-ESIB,2,2,4
EGNX-ENBR,2,2,4
EGOV-EGQL,3,1,4
EGPB-EKYT,2,2,4
EGPC-EGPH,3,1,4
EGPD-EGTE,1,3,4
EGPD-EIWT,1,3,4
EGPD-ENVA,2,2,4
EGPE-EGTE,2,2,4
EGPE-EINN,1,3,4
EGPE-EKYT,3,1,4
EGPF-EGSH,1,3,4
EGPF-EGVN,2,2,4
EGPF-EIWT,2,2,4
EGPF-EKCH,3,1,4
EGPF-EKRK,3,1,4
EGPG-EGPO,2,2,4
EGPH-EGTF,1,3,4
EGPH-EIME,0,4,4
EGPI-EGTE,2,2,4
EGPK-EINN,4,0,4
EGPK-ESGG,3,1,4
EGPK-EVGA,2,2,4
EGPN-EGSH,3,1,4
EGQS-EKRN,0,4,4
EGQS-EKSP,2,2,4
EGSS-ENDU,0,4,4
EGSS-ENSB,2,2,4
EGSS-ESSB,2,2,4
EGTE-EIWF,1,3,4
EGTF-EIDW,4,0,4
EGTK-ESGG,2,2,4
EGTK-ESNZ,2,2,4
EGUB-EGUB,4,0,4
EGUL-ENGM,2,2,4
EGUN-EIKN,3,1,4
EGUN-EKEB,2,2,4
EGVA-ESPA,2,2,4
EGVN-EGXW,3,1,4
EGVN-ENGM,2,2,4
EGVN-ENVA,2,2,4
EGWU-EGXC,3,1,4
EGWU-ENTO,2,2,4
EICK-EIWF,3,1,4
EIDL-EIWT,2,2,4
EIDW-ENTC,2,2,4
EIDW-ESMS,2,2,4
EIME-EKCH,1,3,4
EKAH-EKVD,2,2,4
EKAH-ENVA,2,2,4
EKAH-ESMT,1,3,4
EKBI-ENDU,2,2,4
EKBI-ENZV,1,3,4
EKBI-ESIB,2,2,4
EKBI-ESPA,3,1,4
EKBU-EKEB,2,2,4
EKCB-EKCH,3,1,4
EKCH-ENFL,2,2,4
EKCH-ESMK,2,2,4
EKCH-ESNS,2,2,4
EKCH-ESNU,1,3,4
EKEB-EKHN,2,2,4
EKEB-EKNE,2,2,4
EKHM-EKRK,2,2,4
EKKA-EKRN,2,2,4
EKLS-ESSW,2,2,4
EKOD-EKRD,2,2,4
EKOD-ESGG,3,1,4
EKOD-ESSA,3,1,4
EKOD-ESTL,2,2,4
EKRD-EKYT,2,2,4
EKRD-ESKK,2,2,4
EKRK-EKSS,2,2,4
EKRK-ENAL,3,1,4
EKRK-ENKJ,1,3,4
EKRK-ESEX,2,2,4
EKRK-ESNQ,2,2,4
EKRK-ESNX,2,2,4
EKRK-ESSP,2,2,4
EKRN-ESMK,1,3,4
EKSB-ENGK,2,2,4
EKSP-ESOK,2,2,4
EKSP-ESPA,2,2,4
EKVD-EKYT,2,2,4
EKVD-ESGP,2,2,4
EKVG-ENEV,2,2,4
EKYT-ENEV,2,2,4
EKYT-ESGT,1,3,4
EKYT-ESMG,2,2,4
EKYT-ESMK,2,2,4
EKYT-ESMS,2,2,4
EKYT-ESOW,2,2,4
ENAL-ENAL,4,0,4
ENAL-ENTC,2,2,4
ENAN-ENBR,2,2,4
ENAT-ENBS,3,1,4
ENBL-ENVA,1,3,4
ENBM-ENGM,2,2,4
ENBN-ENRM,3,1,4
ENBN-ENTO,2,2,4
ENBN-ESUT,2,2,4
ENBO-ENNM,4,0,4
ENBO-ENSB,2,2,4
ENBO-ESMS,2,2,4
ENBO-ESSB,2,2,4
ENBR-ENLK,3,1,4
ENBR-ENQJ,0,4,4
ENBR-ENRK,2,2,4
ENBR-ENSD,2,2,4
ENBR-ESKN,2,2,4
ENBR-ESSP,1,3,4
ENCN-ENEV,2,2,4
ENCN-ESOW,2,2,4
ENEG-ESOH,2,2,4
ENEV-ENEV,4,0,4
ENEV-ESSB,2,2,4
ENFB-ENGA,2,2,4
ENFB-ENOA,2,2,4
ENFB-ENQG,2,2,4
ENGC-ENZV,2,2,4
ENGK-ESDF,2,2,4
ENGK-ESMT,2,2,4
ENGM-ENNM,2,2,4
ENGM-ENSK,1,3,4
ENGM-ESKS,2,2,4
ENHA-ESOH,2,2,4
ENJB-ESGT,2,2,4
ENKJ-ENVA,1,3,4
ENKJ-ESOH,2,2,4
ENKJ-ESSB,3,1,4
ENLK-ENRA,2,2,4
ENMH-ENSR,0,4,4
ENMS-ENST,1,3,4
ENMS-ENZV,2,2,4
ENOA-ENZV,1,3,4
ENOL-ESPA,1,3,4
ENQA-ENQE,3,1,4
ENQG-ENSF,3,1,4
ENQK-ENQS,3,1,4
ENSH-ENVA,2,2,4
ENSK-ENVA,1,3,4
ENST-ENUN,0,4,4
ENTO-ESMT,2,2,4
ENTO-ESPA,2,2,4
ENTO-ESTA,2,2,4
ENUA-ENUC,2,2,4
ENXZ-ENZV,1,3,4
ESCM-ESNN,1,3,4
ESDF-ESNZ,0,4,4
ESDF-ESTA,3,1,4
ESGE-ESOW,2,2,4
ESGR-ESSD,2,2,4
ESGT-ESNG,2,2,4
ESGT-ESNU,2,2,4
ESGT-ESNZ,1,3,4
ESGT-ESSD,3,1,4
ESGT-ESSU,3,1,4
ESHB-ESHK,4,0,4
ESHC-ESSV,4,0,4
ESIA-ESPA,2,2,4
ESIB-ESMX,2,2,4
ESIB-ESSB,2,2,4
ESKM-ESMT,3,1,4
ESKN-ESNN,1,3,4
ESMI-ESMS,2,2,4
ESMK-ESMQ,1,3,4
ESML-ESSB,1,3,4
ESMQ-ESSD,2,2,4
ESMQ-EVLA,2,2,4
ESMS-ESSW,2,2,4
ESMT-ESOW,2,2,4
ESMT-ESSP,1,3,4
ESMV-ESSV,2,2,4
ESMX-ESOK,2,2,4
ESMX-ESSD,2,2,4
ESMX-ESSP,2,2,4
ESND-ESNU,2,2,4
ESNK-ESNZ,4,0,4
ESNO-ESPA,2,2,4
ESNS-ESOK,1,3,4
ESNS-ESSD,2,2,4
ESNU-ESOE,1,3,4
ESNX-ESOE,1,3,4
ESOE-ESSV,2,2,4
ESOK-ESOK,4,0,4
ESOK-ESSD,1,3,4
ESOW-ESPA,3,1,4
ESOW-ESST,2,2,4
ESPA-ESSP,1,3,4
ESSD-ESTA,1,3,4
ESSN-ESSN,4,0,4
ESSV-ESTA,1,3,4
BIAR-EGKB,0,3,3
BIAR-EKVG,2,1,3
BIAR-ENZV,0,3,3
BIAR-ESSA,1,2,3
BIEG-EGPC,2,1,3
BIKF-EGHH,1,2,3
BIKF-EGPO,1,2,3
BIKF-EKKA,1,2,3
BIKF-ENAL,3,0,3
BIKF-ESCF,2,1,3
BIKF-ESSB,2,1,3
BIRK-BIRK,3,0,3
BIRK-EGGP,2,1,3
BIRK-EGNM,0,3,3
BIRK-EGNT,1,2,3
BIRK-EGPO,0,3,3
BIRK-EGWU,2,1,3
BIRK-EKBI,1,2,3
BIRK-ENGK,2,1,3
BIRK-ESMS,2,1,3
BIRK-ESOE,0,3,3
EEEI-ENAN,1,2,3
EEEI-ENDU,1,2,3
EEKA-EVRA,2,1,3
EEKE-EEPU,3,0,3
EEKE-ESOW,1,2,3
EEPU-EETU,2,1,3
EEPU-EVRS,1,2,3
EETN-EFKU,0,3,3
EETN-EFSI,2,1,3
EETN-EKKA,2,1,3
EETN-EKRN,2,1,3
EETN-ESKK,1,2,3
EETN-ESMS,2,1,3
EETU-EFTU,1,2,3
EETU-EVGA,1,2,3
EETU-EVRA,1,2,3
EFET-EFHK,1,2,3
EFET-EGNJ,1,2,3
EFHA-EFHK,2,1,3
EFHA-EFMI,2,1,3
EFHK-EFPR,2,1,3
EFHK-EGBB,1,2,3
EFHK-EGLC,1,2,3
EFHK-EGNX,2,1,3
EFHK-EGPF,2,1,3
EFHK-EINN,1,2,3
EFHK-ESDF,1,2,3
EFHK-ESOK,2,1,3
EFHO-EFRO,3,0,3
EFHV-EFTU,2,1,3
EFII-EFSI,2,1,3
EFIV-EGLF,2,1,3
EFIV-ENKR,0,3,3
EFJO-EFJY,0,3,3
EFJO-EFTU,1,2,3
EFJO-ESUP,1,2,3
EFJY-EFKK,1,2,3
EFJY-EFSA,2,1,3
EFKK-EFSI,1,2,3
EFKK-ESND,2,1,3
EFKS-EGLF,1,2,3
EFKT-EGGW,1,2,3
EFKT-EKBI,2,1,3
EFKT-ESPA,1,2,3
EFKU-EFVA,1,2,3
EFKU-ENBO,0,3,3
EFKU-ESMS,0,3,3
EFKU-ESSA,1,2,3
EFKU-ESSB,2,1,3
EFKU-ESSV,2,1,3
EFLA-ESOW,1,2,3
EFLP-EFPO,2,1,3
EFLP-ESSB,3,0,3
EFMH-ESHU,2,1,3
EFNU-EKRK,2,1,3
EFOU-EKCH,0,3,3
EFOU-ESNM,2,1,3
EFOU-ESNX,2,1,3
EFOU-ESSB,2,1,3
EFPO-EFUT,1,2,3
EFPO-ESNO,1,2,3
EFRO-EFSA,0,3,3
EFRO-EGNX,2,1,3
EFRO-ENBO,2,1,3
EFRO-ENGM,3,0,3
EFRO-ESNS,3,0,3
EFRO-ESSB,2,1,3
EFSI-EFVA,2,1,3
EFSI-ESDF,2,1,3
EFSI-ESGG,2,1,3
EFTP-EGBB,3,0,3
EFTP-EGXW,2,1,3
EFTP-ENGM,1,2,3
EFTP-ENOL,1,2,3
EFTP-ESGT,2,1,3
EFTU-EKCH,2,1,3
EFTU-EKKA,2,1,3
EFTU-ENGM,1,2,3
EFTU-ESSL,0,3,3
EFVA-ESPA,2,1,3
EGAA-EGAB,2,1,3
EGAA-EGHF,1,2,3
EGAA-EGHQ,2,1,3
EGAA-EGKA,1,2,3
EGAA-EGPN,2,1,3
EGAA-EGPO,2,1,3
EGAA-EGPT,2,1,3
EGAA-EGTF,1,2,3
EGAA-EKVG,2,1,3
EGAA-ENDU,3,0,3
EGAB-EGJJ,2,1,3
EGAC-EGJB,1,2,3
EGAD-EGEC,2,1,3
EGAE-EGFE,1,2,3
EGAE-EGGW,2,1,3
EGAE-EGJB,2,1,3
EGAE-EGNT,2,1,3
EGAE-EIDL,0,3,3
EGBB-EGBJ,2,1,3
EGBB-EGNR,1,2,3
EGBB-EGPC,3,0,3
EGBB-EIKY,2,1,3
EGBB-ESKN,1,2,3
EGBG-EGTK,2,1,3
EGBJ-EGLD,0,3,3
EGBJ-EGNJ,2,1,3
EGBJ-EGPC,1,2,3
EGBJ-EGPG,1,2,3
EGBJ-EGPH,1,2,3
EGBJ-EGSY,1,2,3
EGBJ-EIKY,0,3,3
EGBK-EGEO,2,1,3
EGBK-EGNM,1,2,3
EGBP-EGHH,2,1,3
EGBP-EIWT,2,1,3
EGBW-EGFF,2,1,3
EGBW-EGHH,2,1,3
EGCC-EGTC,1,2,3
EGCC-EKAH,2,1,3
EGCC-ENDU,1,2,3
EGCM-EGGD,1,2,3
EGCM-EGGP,1,2,3
EGCM-EGMC,1,2,3
EGCV-EIWT,2,1,3
EGDR-EGNV,2,1,3
EGDR-EGXW,2,1,3
EGDY-EIME,3,0,3
EGEC-EGLF,1,2,3
EGEO-EGPF,2,1,3
EGEO-EGTK,1,2,3
EGFD-EGKA,1,2,3
EGFE-EGHH,1,2,3
EGFE-EGKA,1,2,3
EGFE-EGWU,1,2,3
EGFE-EIWT,2,1,3
EGFF-EGLC,0,3,3
EGFF-EGLM,1,2,3
EGFF-EGNE,1,2,3
EGFF-EGPE,2,1,3
EGFF-EGPK,2,1,3
EGFF-EGSC,2,1,3
EGGD-EGPN,2,1,3
EGGD-EGYD,1,2,3
EGGD-EIWT,2,1,3
EGGD-ESSB,2,1,3
EGGP-EGLC,1,2,3
EGGP-EGNO,3,0,3
EGGP-EGPI,1,2,3
EGGP-EGPN,1,2,3
EGGP-EGSU,2,1,3
EGGP-EIAB,1,2,3
EGGP-EIKY,2,1,3
EGGP-ESMS,2,1,3
EGGW-EGPI,3,0,3
EGGW-EIDL,2,1,3
EGGW-ENBO,1,2,3
EGHC-EGHH,2,1,3
EGHC-EGTK,1,2,3
EGHE-EGJJ,3,0,3
EGHF-EGNH,1,2,3
EGHF-EGNS,1,2,3
EGHF-EGPN,2,1,3
EGHF-EGTE,3,0,3
EGHH-EINN,1,2,3
EGHH-ENBR,2,1,3
EGHI-EGNE,1,2,3
EGHI-EGPG,2,1,3
EGHI-EGPK,1,2,3
EGHI-EGSC,2,1,3
EGHI-EKBI,1,2,3
EGHL-EGNX,2,1,3
EGHL-EKCH,2,1,3
EGHO-EGJJ,2,1,3
EGHQ-EGJB,2,1,3
EGHQ-EGKR,2,1,3
EGHQ-EGNH,1,2,3
EGHQ-EGPG,2,1,3
EGHQ-EGSC,1,2,3
EGHQ-EGST,1,2,3
EGHQ-EGSX,1,2,3
EGJA-EGKB,2,1,3
EGJA-EGLK,2,1,3
EGJB-EGPC,0,3,3
EGJB-EGPK,2,1,3
EGJB-EGSH,1,2,3
EGJB-EINN,3,0,3
EGJB-ENGM,2,1,3
EGJJ-EGLM,2,1,3
EGJJ-EICK,2,1,3
EGJJ-EIME,1,2,3
EGJJ-EKBI,2,1,3
EGKA-EGLK,0,3,3
EGKA-EGNX,3,0,3
EGKA-EGSH,2,1,3
EGKA-EGTC,0,3,3
EGKB-EGPL,1,2,3
EGKB-ESNQ,1,2,3
EGKK-EGWU,2,1,3
EGKR-EGMC,3,0,3
EGLC-EIKN,2,1,3
EGLC-EKOD,1,2,3
EGLD-EGNR,2,1,3
EGLD-EGPG,2,1,3
EGLF-EGVN,2,1,3
EGLF-EKSB,1,2,3
EGLF-ENAL,2,1,3
EGLF-ENZV,3,0,3
EGLF-ESNZ,1,2,3
EGLJ-EGNS,2,1,3
EGLK-EGPK,1,2,3
EGLK-EGSH,1,2,3
EGLK-EGWU,2,1,3
EGMA-EGPI,1,2,3
EGMC-EGMD,1,2,3
EGMC-EGNH,0,3,3
EGMC-EGNR,0,3,3
EGMC-EIWF,3,0,3
EGMD-EGPE,1,2,3
EGMD-EGPF,0,3,3
EGMD-EGPK,1,2,3
EGMD-EGSG,0,3,3
EGMD-EGSX,0,3,3
EGMD-EGTB,0,3,3
EGMD-EGTR,0,3,3
EGNC-EGTF,1,2,3
EGNE-EGTK,2,1,3
EGNG-EINN,2,1,3
EGNH-EGNJ,3,0,3
EGNH-EGPC,1,2,3
EGNJ-EGSS,2,1,3
EGNJ-EGWU,2,1,3
EGNJ-EKBI,2,1,3
EGNJ-EKCH,1,2,3
EGNL-EGNL,3,0,3
EGNM-EKRK,2,1,3
EGNM-ENBR,1,2,3
EGNM-ENGM,1,2,3
EGNO-EGNO,3,0,3
EGNO-EGWU,2,1,3
EGNO-EGYM,1,2,3
EGNR-EGPK,2,1,3
EGNR-EGPN,2,1,3
EGNR-EGTB,1,2,3
EGNR-EGYD,2,1,3
EGNR-EIDW,0,3,3
EGNS-EGPA,1,2,3
EGNS-EGYD,3,0,3
EGNS-EIWF,0,3,3
EGNS-EKCH,2,1,3
EGNT-EGPN,2,1,3
EGNT-EKCH,2,1,3
EGNT-EKRK,1,2,3
EGNV-EGPC,2,1,3
EGNV-EGPN,1,2,3
EGNV-EGSS,1,2,3
EGNV-EGTB,1,2,3
EGNV-ENGM,1,2,3
EGNV-ENZV,2,1,3
EGNX-EGPC,1,2,3
EGNX-EGPL,1,2,3
EGNX-EGVN,2,1,3
EGNX-EKBI,2,1,3
EGNX-ESSA,1,2,3
EGOV-EGWU,2,1,3
EGOV-EGXE,3,0,3
EGPA-EGPK,3,0,3
EGPA-EGPO,0,3,3
EGPB-EGPC,1,2,3
EGPC-EIWT,1,2,3
EGPF-EKEB,1,2,3
EGPF-ENBR,2,1,3
EGPF-ESSA,0,3,3
EGPF-ESSB,1,2,3
EGPH-EIKY,1,2,3
EGPH-EKAH,2,1,3
EGPH-EKRK,1,2,3
EGPH-ENVA,2,1,3
EGPK-EGQL,2,1,3
EGPK-EGWU,1,2,3
EGPK-EGYD,2,1,3
EGPK-ENAN,1,2,3
EGPK-ENOL,2,1,3
EGPK-ENZV,0,3,3
EGPN-EIKY,2,1,3
EGPN-EKYT,2,1,3
EGPO-EGTK,1,2,3
EGPO-EKAH,1,2,3
EGQS-EGXW,1,2,3
EGSC-EGSS,2,1,3
EGSC-EGTB,0,3,3
EGSC-EGTE,0,3,3
EGSC-EGTR,0,3,3
EGSC-EIME,0,3,3
EGSC-EINN,2,1,3
EGSC-EKRK,2,1,3
EGSH-EGTB,1,2,3
EGSS-EKRK,2,1,3
EGSS-ENVA,1,2,3
EGSU-EIWT,2,1,3
EGTC-EIWF,2,1,3
EGTF-EGWU,0,3,3
EGTF-EIKN,1,2,3
EGTK-EIAB,1,2,3
EGTK-ENGM,1,2,3
EGTK-ESMS,1,2,3
EGUL-EKSP,1,2,3
EGUN-EGWU,2,1,3
EGUN-EIDW,1,2,3
EGUN-ENAN,1,2,3
EGUN-EVGA,2,1,3
EGVN-EGYM,3,0,3
EGVN-EKYT,1,2,3
EGVN-ENEV,1,2,3
EGWU-EGWU,3,0,3
EGWU-EGXE,2,1,3
EGWU-ENAL,0,3,3
EGWU-ESGG,2,1,3
EGWU-EVRA,1,2,3
EGXW-ESMS,2,1,3
EICK-EISG,3,0,3
EIDW-EKEB,2,1,3
EIKN-EISG,2,1,3
EIKN-EIWF,2,1,3
EIKY-EISG,1,2,3
EINN-EKBI,2,1,3
EINN-EVRA,0,3,3
EIWF-EIWT,1,2,3
EKAE-EKRK,2,1,3
EKAH-EKRD,0,3,3
EKAH-ENZV,3,0,3
EKAH-ESTA,2,1,3
EKBI-EKCB,2,1,3
EKBI-EKVJ,2,1,3
EKBI-ENEV,1,2,3
EKBI-ENTC,1,2,3
EKBI-ESMX,0,3,3
EKBI-ESNS,1,2,3
EKBI-ESNX,1,2,3
EKBI-ESNZ,1,2,3
EKCH-ENKB,2,1,3
EKCH-ENNA,2,1,3
EKCH-ENOL,1,2,3
EKCH-ESMQ,2,1,3
EKCH-ESTA,1,2,3
EKEB-EKOD,2,1,3
EKEB-ESGG,2,1,3
EKHD-EKTE,0,3,3
EKHG-EKVD,2,1,3
EKHG-ESGP,2,1,3
EKMB-EKRN,1,2,3
EKOD-EKSB,2,1,3
EKOD-ENTO,1,2,3
EKPB-EKRD,1,2,3
EKRD-EKRD,3,0,3
EKRK-EKSA,2,1,3
EKRK-EKVJ,2,1,3
EKRK-ENZV,3,0,3
EKRK-ESNS,2,1,3
EKRK-ESPA,2,1,3
EKRK-ESSV,1,2,3
EKRN-ESMQ,2,1,3
EKRN-ESSV,2,1,3
EKSB-ESMS,3,0,3
EKVD-EKVD,3,0,3
EKVD-ENZV,1,2,3
EKVJ-ESMS,1,2,3
EKVJ-ESOE,0,3,3
EKYT-ENAL,0,3,3
EKYT-ESGJ,2,1,3
EKYT-ESGP,1,2,3
EKYT-ESNX,2,1,3
EKYT-ESOE,2,1,3
ENAL-ENCN,3,0,3
ENAR-ENGM,0,3,3
ENAT-ENRA,3,0,3
ENBE-ENJS,0,3,3
ENBL-ENKJ,2,1,3
ENBN-ENHE,3,0,3
ENBN-ENRS,2,1,3
ENBN-ENTR,0,3,3
ENBO-ENCN,1,2,3
ENBR-ENDU,2,1,3
ENBR-ESOK,2,1,3
ENBR-ESTA,1,2,3
ENBS-ENTC,2,1,3
ENBV-ENSS,1,2,3
ENCN-ESNG,2,1,3
ENCN-ESSB,0,3,3
ENDP-ENWK,1,2,3
ENDR-ENHE,0,3,3
ENDU-ENKR,2,1,3
ENEG-ENNO,2,1,3
ENEG-ESNM,1,2,3
ENEG-ESNS,2,1,3
ENEV-ENKR,2,1,3
ENEV-ESSA,0,3,3
ENFL-ENHD,1,2,3
ENFL-ENSD,2,1,3
ENGC-ENQW,2,1,3
ENGK-ENSO,1,2,3
ENGK-ESGG,1,2,3
ENGK-ESST,1,2,3
ENGM-ENMS,3,0,3
ENGM-ESNX,2,1,3
ENGM-ESSD,1,2,3
ENGM-ESSU,1,2,3
ENHF-ENHF,3,0,3
ENHM-ENXO,1,2,3
ENKB-ENNE,1,2,3
ENKJ-ESGP,3,0,3
ENKR-ESSB,2,1,3
ENLK-ENRM,1,2,3
ENLK-ENST,1,2,3
ENML-ENOV,2,1,3
ENOA-ENQC,1,2,3
ENOV-ENRK,2,1,3
ENRM-ENSH,1,2,3
ENTC-ESPA,2,1,3
ENTO-ESOK,2,1,3
ENUB-ENUR,1,2,3
ENUC-ENUK,2,1,3
ENVA-ESMT,1,2,3
ENVA-ESNZ,0,3,3
ESCM-ESNX,2,1,3
ESEN-ESHS,2,1,3
ESGE-ESSB,3,0,3
ESGE-ESSL,2,1,3
ESGG-ESNO,2,1,3
ESGG-ESNV,1,2,3
ESGG-ESST,0,3,3
ESGJ-ESOE,2,1,3
ESGL-ESSP,1,2,3
ESGO-ESMT,3,0,3
ESGP-ESGR,1,2,3
ESGP-ESOW,1,2,3
ESGP-ESSL,1,2,3
ESGP-ESTA,2,1,3
ESHJ-ESHK,2,1,3
ESHK-ESJL,1,2,3
ESHK-ESMQ,2,1,3
ESHK-ESSP,1,2,3
ESIB-ESMK,1,2,3
ESIB-ESNU,1,2,3
ESKM-ESKM,3,0,3
ESKM-ESNZ,1,2,3
ESKM-ESPA,0,3,3
ESKM-ESSD,2,1,3
ESKN-ESND,2,1,3
ESKN-ESOE,1,2,3
ESKV-ESOW,1,2,3
ESMC-ESOW,1,2,3
ESME-ESSL,1,2,3
ESMH-ESMH,3,0,3
ESMI-ESMI,3,0,3
ESMK-ESNK,1,2,3
ESMK-ESTA,1,2,3
ESML-ESOW,2,1,3
ESML-ESSV,2,1,3
ESMQ-ESNU,1,2,3
ESMQ-ESSP,2,1,3
ESMS-ESNG,2,1,3
ESMS-ESSU,1,2,3
ESMS-EVRA,2,1,3
ESMT-ESNU,2,1,3
ESMT-ESNZ,1,2,3
ESMT-ESSL,0,3,3
ESMT-ESSU,2,1,3
ESMT-ESTA,0,3,3
ESMV-ESMX,3,0,3
ESMX-ESNU,0,3,3
ESMX-ESNX,1,2,3
ESMY-ESNN,1,2,3
ESND-ESPA,2,1,3
ESNG-ESNZ,1,2,3
ESNK-ESNX,2,1,3
ESNK-ESSD,1,2,3
ESNL-ESNN,1,2,3
ESNL-ESNO,1,2,3
ESNL-ESSB,1,2,3
ESNN-ESNS,2,1,3
ESNN-ESOK,3,0,3
ESNN-ESSL,2,1,3
ESNN-ESSP,2,1,3
ESNN-ESSV,1,2,3
ESNO-ESNQ,1,2,3
ESNO-ESNS,1,2,3
ESNO-ESOE,1,2,3
ESNS-ESNZ,1,2,3
ESNS-ESUP,1,2,3
ESNX-ESPA,2,1,3
ESNX-ESTA,2,1,3
ESNY-ESSD,1,2,3
ESNZ-ESOE,2,1,3
ESNZ-ESUP,2,1,3
ESOE-ESSD,0,3,3
ESOE-EVRA,1,2,3
ESOK-ESSV,2,1,3
ESSB-ESSN,0,3,3
ESSB-ESSU,1,2,3
ESSB-ESTL,1,2,3
ESSL-ESSP,2,1,3
ESSP-ESUP,1,2,3
ESST-ESST,3,0,3
ESSV-ESSW,2,1,3
ESTA-ESTA,3,0,3
BIAR-EGBB,0,2,2
BIAR-EIDW,0,2,2
BIAR-ESSB,1,1,2
BIEG-ENHD,0,2,2
BIKF-EGTC,1,1,2
BIKF-ENGK,1,1,2
BIKF-ENTC,0,2,2
BIKF-ENVA,1,1,2
BIKF-ESTA,1,1,2
BIRK-EFHK,1,1,2
BIRK-EFTU,1,1,2
BIRK-EGHI,1,1,2
BIRK-EGPA,0,2,2
BIRK-EIME,1,1,2
BIRK-EKEB,0,2,2
BIRK-EKSB,1,1,2
EEEI-EETN,2,0,2
EEEI-EFRO,0,2,2
EEEI-EVGA,1,1,2
EEKA-EFTP,0,2,2
EEKA-ESSB,1,1,2
EEKE-EFPR,1,1,2
EEKE-EVGA,1,1,2
EEPU-EKEB,1,1,2
EETI-EKRK,1,1,2
EETN-EFKK,1,1,2
EETN-EFNU,1,1,2
EETN-EGSC,2,0,2
EETN-EKRK,1,1,2
EETN-EKVH,1,1,2
EETN-ENBO,2,0,2
EETN-ENRK,1,1,2
EETN-ESCM,2,0,2
EETN-ESGT,1,1,2
EETN-ESKN,1,1,2
EETN-ESNX,1,1,2
EETN-ESSV,2,0,2
EETN-EVLA,1,1,2
EETU-EFSI,1,1,2
EETU-EGWU,1,1,2
EFET-EGCC,1,1,2
EFET-EGFF,1,1,2
EFET-EGNV,1,1,2
EFET-EGSH,1,1,2
EFET-EGTE,1,1,2
EFET-ESSA,1,1,2
EFEU-EFLA,1,1,2
EFEU-EFTP,1,1,2
EFEU-EFTU,1,1,2
EFFH-EFFH,2,0,2
EFHA-EFSA,0,2,2
EFHA-EFSI,1,1,2
EFHA-ESPA,2,0,2
EFHK-EFII,1,1,2
EFHK-EFSO,1,1,2
EFHK-EGHI,1,1,2
EFHK-EGJB,1,1,2
EFHK-EGNV,1,1,2
EFHK-EGPE,1,1,2
EFHK-EGVN,0,2,2
EFHK-EKVD,2,0,2
EFHK-ENAT,1,1,2
EFHK-ENRO,1,1,2
EFHK-ESIB,1,1,2
EFHK-ESNN,1,1,2
EFHK-ESNS,1,1,2
EFII-EFKT,1,1,2
EFII-ESSB,0,2,2
EFIK-EFJO,1,1,2
EFIK-ESSB,1,1,2
EFIM-EFKT,1,1,2
EFIV-EFOU,2,0,2
EFIV-EFTP,1,1,2
EFIV-EFUT,1,1,2
EFIV-EGKB,1,1,2
EFJO-EFNU,0,2,2
EFJO-ESOE,0,2,2
EFJY-EFKT,1,1,2
EFJY-EKAH,1,1,2
EFJY-EKSP,1,1,2
EFJY-ENOL,1,1,2
EFJY-ESSL,0,2,2
EFJY-EVGA,1,1,2
EFKE-ESGJ,1,1,2
EFKI-EFKS,1,1,2
EFKI-EFTP,2,0,2
EFKK-EFKT,1,1,2
EFKK-EFTU,1,1,2
EFKK-EKRK,0,2,2
EFKK-ESUP,1,1,2
EFKS-EFSI,0,2,2
EFKS-EGTK,2,0,2
EFKT-EFVA,1,1,2
EFKT-EGNX,1,1,2
EFKT-EGSS,1,1,2
EFKT-ENGM,2,0,2
EFKT-ENTC,2,0,2
EFKT-ESNS,1,1,2
EFKT-ESSA,1,1,2
EFKU-EFUT,1,1,2
EFKU-EKCH,1,1,2
EFLA-EFPO,1,1,2
EFLA-EFUT,1,1,2
EFLP-EFSA,2,0,2
EFLP-ESMS,1,1,2
EFMA-EFSI,1,1,2
EFMA-EGHI,0,2,2
EFMA-ENTO,0,2,2
EFMA-ESSU,1,1,2
EFMA-ESSV,2,0,2
EFMI-EFPO,0,2,2
EFMI-EFTP,2,0,2
EFNU-ESKN,0,2,2
EFNU-ESNU,1,1,2
EFNU-ESSB,1,1,2
EFOU-EFRU,1,1,2
EFOU-EFSI,0,2,2
EFOU-EGLF,1,1,2
EFOU-EKYT,1,1,2
EFOU-ESKM,1,1,2
EFOU-ESNS,0,2,2
EFOU-ESSA,0,2,2
EFPO-EFRO,1,1,2
EFPO-EKOD,0,2,2
EFPO-EKRN,2,0,2
EFPO-ENTC,1,1,2
EFPO-ENTO,1,1,2
EFPO-ESND,1,1,2
EFPO-ESNZ,1,1,2
EFPO-ESPA,1,1,2
EFPO-ESSB,2,0,2
EFPO-ESSD,1,1,2
EFPO-ESSV,1,1,2
EFPO-EVRA,1,1,2
EFRO-EFTU,1,1,2
EFRO-EFVA,2,0,2
EFRO-EFYL,1,1,2
EFRO-EGAA,1,1,2
EFRO-EGPD,1,1,2
EFRO-EGVN,1,1,2
EFRO-EGWU,1,1,2
EFRO-EINN,2,0,2
EFRO-EKBI,1,1,2
EFRO-ENAN,2,0,2
EFRO-ENKR,1,1,2
EFRO-ENOL,1,1,2
EFRO-ESKK,1,1,2
EFRO-ESMS,1,1,2
EFRO-ESNQ,0,2,2
EFRO-EVRA,1,1,2
EFSI-ESNZ,1,1,2
EFSI-ESOK,1,1,2
EFSI-ESSV,1,1,2
EFTP-EGSC,1,1,2
EFTP-EIDW,0,2,2
EFTP-EKRK,1,1,2
EFTP-EKSP,1,1,2
EFTP-EKYT,2,0,2
EFTP-ENTO,1,1,2
EFTP-ENVA,1,1,2
EFTP-ESGJ,1,1,2
EFTP-ESNX,2,0,2
EFTP-ESOW,1,1,2
EFTP-ESPE,1,1,2
EFTU-EGKB,1,1,2
EFTU-EGPK,0,2,2
EFTU-EGUL,1,1,2
EFTU-EGVN,1,1,2
EFTU-EINN,2,0,2
EFTU-EKSP,1,1,2
EFTU-ENHD,1,1,2
EFTU-ESNS,1,1,2
EFTU-ESOW,1,1,2
EFTU-EVLA,1,1,2
EFTU-EVRS,2,0,2
EFUT-EKYT,0,2,2
EFUT-ESMT,2,0,2
EFVA-EKCH,2,0,2
EFVA-EKSB,1,1,2
EFVA-ESNK,1,1,2
EGAA-EGNE,1,1,2
EGAA-EIDL,1,1,2
EGAA-EIWF,0,2,2
EGAA-EIWT,1,1,2
EGAA-ENGM,1,1,2
EGAB-EGPH,1,1,2
EGAB-EGTR,1,1,2
EGAC-EGAE,1,1,2
EGAC-EGBG,1,1,2
EGAC-EGBP,1,1,2
EGAC-EGHH,1,1,2
EGAC-EGPT,1,1,2
EGAC-EGTC,1,1,2
EGAC-EIDL,1,1,2
EGAC-EINN,1,1,2
EGAC-EIWF,1,1,2
EGAC-EIWT,1,1,2
EGAC-ENGM,1,1,2
EGAC-ENTO,2,0,2
EGAD-EGBW,1,1,2
EGAD-EGNH,1,1,2
EGAD-EGTP,1,1,2
EGAD-EIWT,0,2,2
EGAE-EGBE,2,0,2
EGAE-EGNG,1,1,2
EGAE-EGTB,1,1,2
EGAE-EGTK,1,1,2
EGAE-EISG,1,1,2
EGBB-EGCK,1,1,2
EGBB-EGCM,2,0,2
EGBB-EGCV,1,1,2
EGBB-EGMD,1,1,2
EGBB-EGSY,1,1,2
EGBB-EIME,1,1,2
EGBB-ESOW,1,1,2
EGBD-EGJB,1,1,2
EGBE-EGNJ,2,0,2
EGBE-EGNM,1,1,2
EGBE-EGNV,1,1,2
EGBE-EGTE,1,1,2
EGBG-EGJB,1,1,2
EGBJ-EGBT,0,2,2
EGBJ-EGGW,0,2,2
EGBJ-EGJA,1,1,2
EGBJ-EGLC,2,0,2
EGBJ-EGNL,1,1,2
EGBJ-EGPO,2,0,2
EGBJ-EGVN,2,0,2
EGBJ-EKRK,1,1,2
EGBJ-EKYT,1,1,2
EGBK-EGHL,1,1,2
EGBK-EGKB,1,1,2
EGBK-EGPD,1,1,2
EGBM-EGJB,0,2,2
EGBM-EGNR,2,0,2
EGBM-EGPG,1,1,2
EGBM-EGTK,2,0,2
EGBN-EGHJ,1,1,2
EGBN-EGJB,1,1,2
EGBN-EGKA,1,1,2
EGBN-EGPJ,1,1,2
EGBN-EGTF,1,1,2
EGBO-EGGD,1,1,2
EGBO-EGPK,1,1,2
EGBP-EGLK,1,1,2
EGBP-EGNM,0,2,2
EGBP-EGNS,1,1,2
EGBP-EGSS,0,2,2
EGBP-EIDW,1,1,2
EGBS-EGJB,1,1,2
EGBS-EGPK,1,1,2
EGBS-EIWT,1,1,2
EGBT-EGFF,1,1,2
EGBT-EGJA,1,1,2
EGBT-EGJB,1,1,2
EGBT-EGJJ,1,1,2
EGBT-EGMC,1,1,2
EGBT-EGPF,1,1,2
EGBT-EGPJ,1,1,2
EGBW-EGCC,1,1,2
EGBW-EGHE,1,1,2
EGBW-EGNT,1,1,2
EGBW-EGTK,0,2,2
EGBW-EIDW,1,1,2
EGCB-EGMC,1,1,2
EGCC-EGPI,1,1,2
EGCC-EGTF,1,1,2
EGCC-EGTR,1,1,2
EGCC-EIWT,2,0,2
EGCC-ESMS,1,1,2
EGCJ-EGPG,1,1,2
EGCK-EIWF,1,1,2
EGCM-EGLK,2,0,2
EGCM-EGPC,2,0,2
EGCM-EGPD,1,1,2
EGCM-EGPE,1,1,2
EGCM-EGSC,1,1,2
EGCM-EGTE,1,1,2
EGCM-EICK,1,1,2
EGCS-EGHQ,1,1,2
EGCS-EGKB,1,1,2
EGCS-EGNH,1,1,2
EGCS-EGNM,1,1,2
EGCS-EICK,1,1,2
EGCV-EGKB,1,1,2
EGCV-EGTU,1,1,2
EGDM-EGNX,1,1,2
EGDM-EGPL,1,1,2
EGDR-EGNJ,1,1,2
EGDR-EGPE,2,0,2
EGDY-EGOV,0,2,2
EGEC-EGKB,1,1,2
EGEC-EGPE,1,1,2
EGEC-EGPI,2,0,2
EGEC-EGPO,0,2,2
EGEL-EGNM,1,1,2
EGEO-EGHS,1,1,2
EGEO-EGMA,1,1,2
EGEO-EGMC,1,1,2
EGEO-EGNM,1,1,2
EGEO-EGPI,1,1,2
EGET-EGPA,1,1,2
EGFE-EGMC,1,1,2
EGFE-EGNS,2,0,2
EGFE-EGSS,0,2,2
EGFE-EGTC,1,1,2
EGFE-EGTE,1,1,2
EGFE-EGUB,1,1,2
EGFE-EICK,2,0,2
EGFE-EIKN,1,1,2
EGFE-EIKY,0,2,2
EGFE-EIWF,2,0,2
EGFF-EGPG,1,1,2
EGFF-EGPL,1,1,2
EGFF-EGSG,1,1,2
EGFF-EGTF,1,1,2
EGFF-EGTR,0,2,2
EGFF-EGWU,0,2,2
EGFF-EKBI,1,1,2
EGFF-ESGG,0,2,2
EGFF-EVRA,1,1,2
EGFH-EGNV,1,1,2
EGGD-EGLK,0,2,2
EGGD-EGMD,1,1,2
EGGD-EGNE,1,1,2
EGGD-EGNO,1,1,2
EGGD-EIME,0,2,2
EGGD-EKRK,1,1,2
EGGD-ENBR,1,1,2
EGGP-EGHE,1,1,2
EGGP-EGHL,2,0,2
EGGP-EGPO,1,1,2
EGGP-EGVN,0,2,2
EGGP-ENAL,1,1,2
EGGP-ESOE,2,0,2
EGGW-EGNC,1,1,2
EGGW-EGPA,1,1,2
EGGW-EGPO,1,1,2
EGGW-EIWF,0,2,2
EGGW-EKAH,1,1,2
EGGW-EKOD,1,1,2
EGGW-EKYT,2,0,2
EGGW-ENBR,2,0,2
EGGW-ENML,1,1,2
EGGW-ENSB,1,1,2
EGGW-ENVA,1,1,2
EGGW-ESNQ,1,1,2
EGGW-ESOW,1,1,2
EGGW-ESPA,1,1,2
EGGW-ESSL,0,2,2
EGGW-ESSP,1,1,2
EGGW-ESTA,2,0,2
EGHC-EGLD,1,1,2
EGHE-EGJB,2,0,2
EGHE-EGTF,1,1,2
EGHE-EGTK,1,1,2
EGHF-EGNE,1,1,2
EGHF-EGNR,1,1,2
EGHF-EGNV,1,1,2
EGHF-EGPB,1,1,2
EGHF-EGPE,1,1,2
EGHF-EGSC,1,1,2
EGHH-EGLD,1,1,2
EGHH-EGSC,2,0,2
EGHH-EGSU,1,1,2
EGHH-EGSX,1,1,2
EGHH-EGUW,1,1,2
EGHH-EIAB,1,1,2
EGHH-EIKY,0,2,2
EGHH-EIWF,1,1,2
EGHH-EKRK,1,1,2
EGHH-ENGM,0,2,2
EGHH-ESGJ,2,0,2
EGHH-ESMS,0,2,2
EGHH-ESSA,1,1,2
EGHH-ESSB,1,1,2
EGHI-EGKA,2,0,2
EGHI-EGMD,1,1,2
EGHI-EGNO,1,1,2
EGHI-EGPC,1,1,2
EGHI-EGXW,1,1,2
EGHI-EINN,1,1,2
EGHI-ENGM,0,2,2
EGHQ-EGLK,1,1,2
EGHQ-EGMD,0,2,2
EGHQ-EGNS,1,1,2
EGHQ-EGPK,0,2,2
EGHQ-EGSF,1,1,2
EGHQ-EGSU,1,1,2
EGHQ-EIWF,1,1,2
EGHR-EGNJ,1,1,2
EGHR-EGTE,1,1,2
EGJA-EGJA,2,0,2
EGJA-EGNE,1,1,2
EGJA-EGSC,1,1,2
EGJA-EGTE,1,1,2
EGJA-EGTR,1,1,2
EGJB-EGKR,1,1,2
EGJB-EGNV,1,1,2
EGJB-EGPF,1,1,2
EGJB-EGPN,2,0,2
EGJB-EGTP,1,1,2
EGJB-EKBI,1,1,2
EGJB-ENBR,1,1,2
EGJB-ESSA,1,1,2
EGJJ-EGMA,1,1,2
EGJJ-EGOV,1,1,2
EGJJ-EGPD,2,0,2
EGJJ-ENGM,2,0,2
EGJJ-ENZV,1,1,2
EGJJ-ESSA,2,0,2
EGKA-EGNR,1,1,2
EGKA-EGNS,0,2,2
EGKA-EGNV,0,2,2
EGKA-EGPK,1,1,2
EGKA-EGPO,1,1,2
EGKA-EGSU,1,1,2
EGKA-EIME,1,1,2
EGKA-EINN,1,1,2
EGKB-EGLD,2,0,2
EGKB-EGPI,1,1,2
EGKB-EGSY,1,1,2
EGKB-EKOD,1,1,2
EGKB-ENDU,1,1,2
EGKB-ENGK,0,2,2
EGKB-ENSB,1,1,2
EGKB-ESPA,1,1,2
EGKB-ESSN,1,1,2
EGKB-ESSV,0,2,2
EGKK-EGSH,2,0,2
EGKK-EGTK,2,0,2
EGKK-ENCN,1,1,2
EGKK-ESSB,1,1,2
EGKR-EGNE,1,1,2
EGLC-EGNT,1,1,2
EGLC-EGNX,1,1,2
EGLC-EGPE,1,1,2
EGLC-EICK,1,1,2
EGLC-EIKY,2,0,2
EGLC-EKAH,1,1,2
EGLD-EGNT,1,1,2
EGLD-EGNV,1,1,2
EGLD-EGSH,1,1,2
EGLD-EGTC,2,0,2
EGLD-EIKN,1,1,2
EGLD-ESMS,1,1,2
EGLF-EGPI,0,2,2
EGLF-EGPO,1,1,2
EGLF-EGQL,1,1,2
EGLF-EGTF,2,0,2
EGLF-EGXC,1,1,2
EGLF-EIWF,1,1,2
EGLF-ENAT,1,1,2
EGLF-ENBO,1,1,2
EGLF-ENEV,1,1,2
EGLF-ESOE,2,0,2
EGLF-ESPA,1,1,2
EGLJ-EGPF,1,1,2
EGLK-EGNE,1,1,2
EGLK-EGNJ,1,1,2
EGLK-EGPB,2,0,2
EGLK-EGPN,0,2,2
EGLK-EGPT,1,1,2
EGLK-EGSS,0,2,2
EGLK-EKRK,1,1,2
EGLW-EGSS,0,2,2
EGMA-EGNV,1,1,2
EGMA-EGSH,1,1,2
EGMC-EGMC,2,0,2
EGMC-EGNM,2,0,2
EGMC-EGPF,1,1,2
EGMC-ENGM,1,1,2
EGMC-ESSB,1,1,2
EGMD-EGNJ,1,1,2
EGMD-EGNV,1,1,2
EGMD-EGTF,0,2,2
EGMD-EIWT,1,1,2
EGNC-EGSH,1,1,2
EGNC-EGTR,1,1,2
EGNE-EGTE,1,1,2
EGNE-EIAB,0,2,2
EGNE-EISG,1,1,2
EGNE-EKBI,1,1,2
EGNG-EIAB,1,1,2
EGNH-EGOV,0,2,2
EGNH-EGPO,1,1,2
EGNH-EGSC,1,1,2
EGNH-EGYD,0,2,2
EGNH-EIWT,1,1,2
EGNH-ESSB,2,0,2
EGNJ-EGNO,1,1,2
EGNJ-EGPA,1,1,2
EGNJ-EGSP,1,1,2
EGNJ-EGTC,2,0,2
EGNJ-EGXT,1,1,2
EGNJ-EGYD,0,2,2
EGNJ-EINN,1,1,2
EGNJ-EIWF,1,1,2
EGNJ-EKVG,1,1,2
EGNM-EGPN,1,1,2
EGNM-EGPT,1,1,2
EGNM-EGSC,2,0,2
EGNM-EGSU,1,1,2
EGNM-EGSX,1,1,2
EGNM-EGSY,1,1,2
EGNM-EGTN,1,1,2
EGNM-EIAB,0,2,2
EGNM-EIKY,2,0,2
EGNM-EKAH,1,1,2
EGNM-EKBI,1,1,2
EGNM-ENAT,1,1,2
EGNM-ENCN,1,1,2
EGNM-ENZV,1,1,2
EGNM-ESGG,1,1,2
EGNM-ESNV,1,1,2
EGNO-EGPD,1,1,2
EGNO-EGYD,0,2,2
EGNR-EGPC,0,2,2
EGNR-EGPT,1,1,2
EGNR-EGTD,1,1,2
EGNR-EGTF,1,1,2
EGNR-EGVN,0,2,2
EGNR-EIKY,0,2,2
EGNR-EIMH,1,1,2
EGNR-EINN,1,1,2
EGNR-EKBI,1,1,2
EGNR-ENGM,1,1,2
EGNS-EGPB,1,1,2
EGNS-EGPE,0,2,2
EGNS-EGPI,1,1,2
EGNS-EGXW,1,1,2
EGNT-EGPA,2,0,2
EGNT-EGPC,1,1,2
EGNT-EGSU,2,0,2
EGNT-EGYE,0,2,2
EGNT-EIWT,1,1,2
EGNT-EKBI,0,2,2
EGNT-EKKA,1,1,2
EGNT-EKVG,1,1,2
EGNT-ENGM,1,1,2
EGNT-ESSB,1,1,2
EGNV-EGQS,1,1,2
EGNV-EGSC,1,1,2
EGNV-EGTC,1,1,2
EGNV-EIKN,1,1,2
EGNV-EKBI,1,1,2
EGNV-EKRN,1,1,2
EGNV-ENVA,1,1,2
EGNV-ESGJ,1,1,2
EGNV-ESMS,1,1,2
EGNV-ESSB,0,2,2
EGNX-EGPA,1,1,2
EGNX-EGPB,2,0,2
EGNX-EGPO,1,1,2
EGNX-EGSC,1,1,2
EGNX-EGTB,1,1,2
EGNX-EKEB,1,1,2
EGNX-EKRK,1,1,2
EGNX-ENCN,0,2,2
EGNX-ESNX,1,1,2
EGNX-ESPA,1,1,2
EGNX-ESSB,1,1,2
EGOQ-EGSY,1,1,2
EGOV-EGUB,2,0,2
EGPA-EGPC,0,2,2
EGPA-EGPL,0,2,2
EGPA-ENBR,1,1,2
EGPB-EGPO,0,2,2
EGPB-EKCH,1,1,2
EGPB-EKSB,1,1,2
EGPC-EGPC,2,0,2
EGPC-EGPG,1,1,2
EGPC-EGPN,2,0,2
EGPC-EGTC,0,2,2
EGPC-EKBI,2,0,2
EGPC-EKOD,0,2,2
EGPC-EKSB,0,2,2
EGPC-EKYT,0,2,2
EGPC-ENZV,1,1,2
EGPD-EGYD,0,2,2
EGPD-EGYM,0,2,2
EGPD-EIME,1,1,2
EGPD-EINN,1,1,2
EGPD-EKBI,1,1,2
EGPD-ESSA,1,1,2
EGPE-EGSH,0,2,2
EGPE-EKCH,1,1,2
EGPE-EKOD,1,1,2
EGPE-EKVG,1,1,2
EGPE-ENAL,1,1,2
EGPF-EGSX,1,1,2
EGPF-EICK,1,1,2
EGPF-ENDU,1,1,2
EGPG-EGSH,1,1,2
EGPG-EGSX,1,1,2
EGPG-EGSY,1,1,2
EGPG-EGTB,1,1,2
EGPG-EGTD,1,1,2
EGPG-EGTK,1,1,2
EGPG-EIAB,1,1,2
EGPG-EICK,1,1,2
EGPG-EIMH,1,1,2
EGPH-ENAL,1,1,2
EGPH-ENHD,1,1,2
EGPH-ESKN,1,1,2
EGPH-ESTA,1,1,2
EGPI-EGPK,1,1,2
EGPI-EGPT,1,1,2
EGPI-EGTR,1,1,2
EGPJ-EGPN,1,1,2
EGPK-EGSC,1,1,2
EGPK-EGSU,0,2,2
EGPK-EGUL,1,1,2
EGPK-EGXW,1,1,2
EGPK-EIME,2,0,2
EGPK-EIWT,1,1,2
EGPK-EKVG,1,1,2
EGPK-ESCM,1,1,2
EGPK-ESSA,1,1,2
EGPL-EGSC,0,2,2
EGPN-ENBR,1,1,2
EGPN-ESSA,1,1,2
EGPO-EGPO,2,0,2
EGPO-EGQS,1,1,2
EGPT-EKHG,1,1,2
EGQL-EGQL,2,0,2
EGQL-EGWU,1,1,2
EGQS-EKYT,1,1,2
EGSC-EGVN,1,1,2
EGSH-EGYD,0,2,2
EGSH-EKBI,1,1,2
EGSH-ENVA,0,2,2
EGSH-ESGG,1,1,2
EGSP-EGTE,1,1,2
EGSS-EGTF,0,2,2
EGSS-ESGT,0,2,2
EGSS-ESSV,1,1,2
EGST-EGTE,1,1,2
EGSY-EIDW,1,1,2
EGTB-EGTB,2,0,2
EGTB-EIDW,1,1,2
EGTB-EKRK,1,1,2
EGTC-EGVN,1,1,2
EGTC-EICK,1,1,2
EGTC-EIWT,1,1,2
EGTE-EICK,1,1,2
EGTE-EIME,2,0,2
EGTE-EKRK,1,1,2
EGTE-ENGM,1,1,2
EGTE-ESSA,0,2,2
EGTF-EGTU,1,1,2
EGTF-EIWF,1,1,2
EGTF-EKRK,1,1,2
EGTF-ENGM,1,1,2
EGTK-EGTU,1,1,2
EGTK-EGVN,1,1,2
EGTK-EKAH,1,1,2
EGTK-EKCH,1,1,2
EGTR-EKRK,1,1,2
EGUN-EGVA,1,1,2
EGUN-EINN,1,1,2
EGUN-EKYT,2,0,2
EGUN-ENRY,1,1,2
EGUN-ESMT,0,2,2
EGUN-ESPA,1,1,2
EGUN-EVRA,1,1,2
EGUW-EGXW,2,0,2
EGVA-ESGG,2,0,2
EGVN-ENOL,1,1,2
EGVN-ESGG,1,1,2
EGWU-EGYD,1,1,2
EGWU-EIKN,2,0,2
EGWU-EIWF,1,1,2
EGWU-EIWT,1,1,2
EGWU-ENBR,1,1,2
EGWU-ENZV,1,1,2
EGWU-ESNQ,2,0,2
EGWU-ESSV,1,1,2
EGXC-EGXW,0,2,2
EGXC-EGYM,2,0,2
EGYD-EGYD,2,0,2
EGYD-EGYE,0,2,2
EGYD-EKYT,1,1,2
EGYD-ESGG,1,1,2
EIAB-EIKY,1,1,2
EIAB-EISG,2,0,2
EICK-ENGM,2,0,2
EICK-ESSA,1,1,2
EICM-EIDL,1,1,2
EIDL-EIWF,1,1,2
EIDW-EIWF,0,2,2
EIDW-EKYT,0,2,2
EIDW-ENAL,1,1,2
EIDW-ENVA,1,1,2
EIDW-ESMT,1,1,2
EIDW-ESNU,1,1,2
EIDW-ESPA,1,1,2
EIKN-EKCH,1,1,2
EIKY-EIWF,2,0,2
EIKY-EKCH,1,1,2
EINN-EKOD,1,1,2
EINN-ESSA,0,2,2
EIWF-EKBI,1,1,2
EIWT-EIWT,2,0,2
EKAH-EKVJ,0,2,2
EKAH-ENTC,1,1,2
EKAH-ESGP,1,1,2
EKAH-ESGV,1,1,2
EKAT-EKRS,2,0,2
EKBI-EKKO,0,2,2
EKBI-EKRD,1,1,2
EKBI-EKSA,1,1,2
EKBI-EKSP,0,2,2
EKBI-ENGK,1,1,2
EKBI-ENOL,1,1,2
EKBI-ESKS,1,1,2
EKBI-ESNV,1,1,2
EKBI-ESOE,0,2,2
EKBI-ESTA,2,0,2
EKCC-ENGM,2,0,2
EKCH-ENML,1,1,2
EKCH-ESDF,1,1,2
EKCH-ESGT,0,2,2
EKCH-ESMT,2,0,2
EKCH-ESNQ,1,1,2
EKCH-EVLA,1,1,2
EKCR-EKRK,1,1,2
EKDF-EKHD,1,1,2
EKEB-EKKA,1,1,2
EKEB-EKSN,1,1,2
EKEB-ENBR,1,1,2
EKEB-ENFL,1,1,2
EKEB-ENOL,1,1,2
EKEB-ENTO,1,1,2
EKHG-EKKA,2,0,2
EKHG-EKMB,1,1,2
EKKA-EKSB,1,1,2
EKKA-ENBR,1,1,2
EKKA-ENTO,2,0,2
EKKA-ESGG,1,1,2
EKKA-ESSB,1,1,2
EKKO-EKRN,1,1,2
EKKO-EKSN,2,0,2
EKLS-ESMY,1,1,2
EKMB-ESGP,1,1,2
EKOD-EKSA,1,1,2
EKOD-EKSN,1,1,2
EKOD-EKTS,1,1,2
EKOD-ENAL,1,1,2
EKOD-ESKM,0,2,2
EKOD-ESMI,1,1,2
EKOD-ESND,1,1,2
EKOD-ESNS,1,1,2
EKOD-ESOW,1,1,2
EKOD-ESTA,1,1,2
EKRA-EKRK,1,1,2
EKRD-ENVA,1,1,2
EKRD-ESMP,1,1,2
EKRK-EKSV,1,1,2
EKRK-EKVB,1,1,2
EKRK-ENEG,1,1,2
EKRK-ENFL,2,0,2
EKRK-ENHA,1,1,2
EKRK-ENLK,1,1,2
EKRK-ENTC,1,1,2
EKRK-ESGE,1,1,2
EKRK-ESMK,0,2,2
EKRK-ESMQ,1,1,2
EKRK-ESMY,1,1,2
EKRK-ESOK,0,2,2
EKRK-ESSK,1,1,2
EKRK-ESSL,1,1,2
EKRK-ESST,0,2,2
EKRK-EVLA,1,1,2
EKRN-EKRS,1,1,2
EKRN-ESSA,2,0,2
EKSB-ENBR,1,1,2
EKSB-ESGT,1,1,2
EKSN-EKYT,2,0,2
EKSP-ENGM,1,1,2
EKSP-ESSA,1,1,2
EKST-ENHD,1,1,2
EKST-ESGP,1,1,2
EKSV-EKSV,2,0,2
EKSV-ENCN,1,1,2
EKVB-ESMS,1,1,2
EKVD-ENRK,0,2,2
EKVD-ESMK,1,1,2
EKVD-ESMS,1,1,2
EKVG-ENKR,1,1,2
EKVH-ESGG,1,1,2
EKVJ-ENCN,2,0,2
EKYT-ENBO,2,0,2
EKYT-ENNA,2,0,2
EKYT-ENSN,1,1,2
EKYT-ESKM,1,1,2
EKYT-ESNK,1,1,2
EKYT-ESNN,1,1,2
EKYT-ESNQ,0,2,2
EKYT-ESSP,0,2,2
EKYT-ESTA,1,1,2
EKYT-ESTL,0,2,2
ENAL-ENDU,1,1,2
ENAL-ENHD,0,2,2
ENAL-ENLK,1,1,2
ENAL-ENNM,1,1,2
ENAL-ESKN,1,1,2
ENAL-ESMS,1,1,2
ENAN-ENSK,2,0,2
ENAT-ENBR,0,2,2
ENAT-ENDU,0,2,2
ENAT-ENSS,2,0,2
ENAT-ESNS,0,2,2
ENAT-ESNU,0,2,2
ENAT-ESSB,1,1,2
ENBL-ENKB,1,1,2
ENBL-ENNO,1,1,2
ENBL-ENSG,0,2,2
ENBL-ESVS,1,1,2
ENBN-ENUB,2,0,2
ENBO-ENHF,0,2,2
ENBO-ENKR,1,1,2
ENBO-ENOL,1,1,2
ENBO-ENRM,0,2,2
ENBO-ESSA,1,1,2
ENBR-ENFA,1,1,2
ENBR-ENLI,0,2,2
ENBR-ENOL,1,1,2
ENBR-ENSN,1,1,2
ENBR-ESGP,1,1,2
ENBR-ESMS,1,1,2
ENBR-ESNZ,1,1,2
ENBR-ESOE,0,2,2
ENBX-ENFB,0,2,2
ENCN-ENNO,2,0,2
ENCN-ENTC,2,0,2
ENCN-ESPA,1,1,2
ENCN-ESSA,0,2,2
ENDP-ENWR,0,2,2
ENDR-ENML,2,0,2
ENDU-ENEV,1,1,2
ENDU-ESGG,1,1,2
ENDU-ESSA,1,1,2
ENEG-ENFL,1,1,2
ENEG-ENKJ,1,1,2
ENEV-ENRA,0,2,2
ENEV-ENST,1,1,2
ENFB-ENQJ,2,0,2
ENFB-ENQV,0,2,2
ENFB-ENZV,1,1,2
ENFL-ENML,0,2,2
ENFL-ENNO,0,2,2
ENFL-ENOV,1,1,2
ENGA-ENQA,0,2,2
ENGA-ENQE,1,1,2
ENGC-ENQC,1,1,2
ENGC-ENQD,0,2,2
ENGC-ENQR,2,0,2
ENGC-ENQV,2,0,2
ENGK-ENKJ,1,1,2
ENGK-ENRO,1,1,2
ENGK-ESTA,1,1,2
ENGM-ENOP,0,2,2
ENGM-ENRK,1,1,2
ENGM-ENRY,1,1,2
ENGM-ESKM,0,2,2
ENGM-ESMT,1,1,2
ENGM-ESUE,1,1,2
ENHA-ESKK,1,1,2
ENHD-ENHD,2,0,2
ENHD-ENWS,0,2,2
ENHE-ENML,0,2,2
ENHE-ENTR,2,0,2
ENHK-ENKR,1,1,2
ENHK-ENVD,2,0,2
ENHM-ENOA,1,1,2
ENHV-ESNQ,1,1,2
ENJB-ENSG,1,1,2
ENJS-ENSX,2,0,2
ENJS-ENWE,2,0,2
ENJS-ENWR,0,2,2
ENKJ-ENSD,1,1,2
ENKJ-ESNK,1,1,2
ENKJ-ESOW,1,1,2
ENKJ-ESSV,1,1,2
ENKR-ENSK,2,0,2
ENKR-ESPA,1,1,2
ENLK-ENMS,0,2,2
ENML-ENRM,1,1,2
ENML-ESSA,1,1,2
ENNA-ENOL,1,1,2
ENNA-ENVA,1,1,2
ENNA-ESNQ,2,0,2
ENNM-ESNM,1,1,2
ENNO-ENSD,0,2,2
ENOA-ENQG,1,1,2
ENOA-ENQJ,1,1,2
ENOC-ENQL,2,0,2
ENOL-ENRM,1,1,2
ENOL-ENSO,1,1,2
ENOL-ENTO,1,1,2
ENOL-ESIB,1,1,2
ENOP-ENVA,0,2,2
ENOV-ENSD,1,1,2
ENOV-ENZV,1,1,2
ENQD-ENQO,2,0,2
ENQD-ENQS,1,1,2
ENQD-ENQV,2,0,2
ENQK-ENSF,0,2,2
ENQR-ENQS,2,0,2
ENQS-ENQV,1,1,2
ENQS-ENQW,0,2,2
ENQS-ENSE,2,0,2
ENQV-ENSF,1,1,2
ENRK-ENSG,1,1,2
ENRK-ENSO,1,1,2
ENRK-ESGE,1,1,2
ENRK-ESGT,1,1,2
ENRK-ESKK,1,1,2
ENRK-ESKN,2,0,2
ENRK-ESNS,1,1,2
ENRM-ESOW,1,1,2
ENRO-ENVA,1,1,2
ENRO-ESGG,1,1,2
ENRY-ESIB,1,1,2
ENSB-ENVA,2,0,2
ENSB-ESSA,1,1,2
ENSK-ENST,2,0,2
ENSN-ESME,1,1,2
ENSO-ENTO,1,1,2
ENTO-ESDF,1,1,2
ENTO-ESML,1,1,2
ENTO-ESND,1,1,2
ENTO-ESOE,2,0,2
ENTO-ESSD,1,1,2
ENTO-ESSP,1,1,2
ENUH-ESHK,2,0,2
ENVA-ESGJ,1,1,2
ENVA-ESNS,1,1,2
ENVA-ESNU,2,0,2
ENXH-ENZV,1,1,2
ENXR-ENZV,0,2,2
ENZV-ESGJ,1,1,2
ENZV-ESMH,1,1,2
ENZV-ESNQ,1,1,2
ENZV-ESPA,0,2,2
ENZV-ESSP,1,1,2
ENZV-ESTA,1,1,2
ESCF-ESMS,1,1,2
ESCF-ESNK,1,1,2
ESCF-ESNQ,1,1,2
ESCF-ESNX,1,1,2
ESCF-ESUT,1,1,2
ESCM-ESGG,1,1,2
ESCM-ESHV,1,1,2
ESCM-ESKN,1,1,2
ESCM-ESMK,1,1,2
ESCM-ESMS,1,1,2
ESCM-ESPE,1,1,2
ESCM-ESSL,1,1,2
ESDF-ESGJ,1,1,2
ESDF-ESMI,1,1,2
ESDF-ESPE,0,2,2
ESEB-ESGP,1,1,2
ESEF-ESHK,1,1,2
ESGA-ESKC,1,1,2
ESGA-ESMX,1,1,2
ESGE-ESSV,0,2,2
ESGG-ESIB,2,0,2
ESGG-ESND,1,1,2
ESGG-ESSN,1,1,2
ESGJ-ESGP,1,1,2
ESGJ-ESIB,1,1,2
ESGJ-ESKM,0,2,2
ESGJ-ESMH,1,1,2
ESGJ-ESMK,2,0,2
ESGJ-ESMV,1,1,2
ESGJ-ESMX,1,1,2
ESGJ-ESNM,1,1,2
ESGJ-ESNQ,0,2,2
ESGJ-ESNZ,0,2,2
ESGJ-ESST,1,1,2
ESGJ-ESSU,0,2,2
ESGK-ESSL,1,1,2
ESGL-ESGT,1,1,2
ESGP-ESKM,1,1,2
ESGP-ESSP,1,1,2
ESGP-ESUM,1,1,2
ESGR-ESGR,2,0,2
ESGR-ESKM,1,1,2
ESGR-ESOK,1,1,2
ESGR-ESSV,1,1,2
ESGR-ESSX,1,1,2
ESGR-ESVS,1,1,2
ESGT-ESIB,0,2,2
ESGT-ESMK,1,1,2
ESGT-ESNQ,0,2,2
ESGT-ESSP,1,1,2
ESGV-ESOW,1,1,2
ESHB-ESHO,1,1,2
ESHK-ESHQ,1,1,2
ESHK-ESHV,1,1,2
ESHK-ESMG,1,1,2
ESHK-ESMK,1,1,2
ESHL-ESSV,2,0,2
ESHO-ESHS,2,0,2
ESHU-ESHV,1,1,2
ESHZ-ESNL,1,1,2
ESIA-ESSA,1,1,2
ESIB-ESOE,1,1,2
ESIB-ESSP,1,1,2
ESIB-ESTA,1,1,2
ESIB-ESTL,1,1,2
ESJH-ESNU,1,1,2
ESKC-ESKM,1,1,2
ESKK-ESSA,1,1,2
ESKK-ESSB,1,1,2
ESKK-ESSL,1,1,2
ESKM-ESMQ,1,1,2
ESKM-ESOK,2,0,2
ESKM-ESSU,2,0,2
ESKN-ESNG,2,0,2
ESKN-ESNL,1,1,2
ESKN-ESTA,1,1,2
ESKN-ESTL,1,1,2
ESKS-ESSP,0,2,2
ESKV-ESSB,1,1,2
ESMB-ESSV,1,1,2
ESME-ESSD,1,1,2
ESMG-ESTA,2,0,2
ESMH-ESMI,1,1,2
ESMI-ESOW,2,0,2
ESMK-ESMT,1,1,2
ESMK-ESNZ,1,1,2
ESMK-ESOE,0,2,2
ESMK-ESOK,1,1,2
ESMK-ESSU,1,1,2
ESML-ESMS,2,0,2
ESML-ESST,1,1,2
ESMO-ESOW,1,1,2
ESMQ-ESPA,1,1,2
ESMS-ESMV,1,1,2
ESMS-ESTT,1,1,2
ESMT-ESNN,1,1,2
ESMT-ESOK,1,1,2
ESMT-ESPA,1,1,2
ESMT-ESSD,1,1,2
ESMV-ESTA,0,2,2
ESMX-ESNN,1,1,2
ESMX-ESOE,0,2,2
ESMX-ESSU,1,1,2
ESMX-ESSW,1,1,2
ESMY-ESSP,1,1,2
ESMY-ESSV,1,1,2
ESND-ESNZ,2,0,2
ESNG-ESNO,1,1,2
ESNK-ESNO,1,1,2
ESNK-ESNQ,1,1,2
ESNK-ESNS,1,1,2
ESNK-ESSB,1,1,2
ESNK-ESSP,1,1,2
ESNK-ESSV,1,1,2
ESNK-ESUP,1,1,2
ESNL-ESPA,2,0,2
ESNN-ESNN,2,0,2
ESNN-ESOW,2,0,2
ESNO-ESOW,1,1,2
ESNQ-ESSL,1,1,2
ESNS-ESSP,2,0,2
ESNS-ESUT,0,2,2
ESNU-ESNX,2,0,2
ESNV-ESSB,1,1,2
ESNX-ESSL,1,1,2
ESNX-ESSP,1,1,2
ESNX-ESSV,1,1,2
ESNY-ESST,1,1,2
ESNZ-ESNZ,2,0,2
ESNZ-ESTA,2,0,2
ESNZ-EVRA,2,0,2
ESOH-ESOW,1,1,2
ESOH-ESSU,1,1,2
ESOK-ESTA,0,2,2
ESOW-ESSI,1,1,2
ESOW-EVLA,1,1,2
ESPA-ESSV,0,2,2
ESPA-EVRA,1,1,2
ESSB-ESUE,1,1,2
ESSD-ESSV,1,1,2
ESSD-ESTT,1,1,2
ESSE-ESSI,1,1,2
ESSL-ESSU,2,0,2
ESSL-ESSW,0,2,2
ESSN-ESVB,1,1,2
ESSP-ESTA,0,2,2
ESST-ESSW,1,1,2
ESSV-ESSV,2,0,2
ESSV-ESVE,1,1,2
ESSX-ESSX,2,0,2
BIAR-BIEG,0,1,1
BIAR-EGGD,1,0,1
BIAR-EGPB,0,1,1
BIAR-EGWU,0,1,1
BIAR-EIKN,0,1,1
BIAR-EINN,1,0,1
BIAR-EKBI,1,0,1
BIAR-ENVA,1,0,1
BIEG-BIKF,0,1,1
BIEG-EGPB,1,0,1
BIEG-EGPO,1,0,1
BIEG-EKYT,0,1,1
BIEG-ENBR,0,1,1
BIEG-ESGG,0,1,1
BIKF-EFKT,0,1,1
BIKF-EFOU,1,0,1
BIKF-EFTP,1,0,1
BIKF-EFTU,0,1,1
BIKF-EGAC,1,0,1
BIKF-EGBP,1,0,1
BIKF-EGJB,0,1,1
BIKF-EGJJ,1,0,1
BIKF-EGLC,1,0,1
BIKF-EGMC,1,0,1
BIKF-EGNH,0,1,1
BIKF-EGNJ,1,0,1
BIKF-EGNS,1,0,1
BIKF-EGQL,0,1,1
BIKF-EGUL,1,0,1
BIKF-EICK,0,1,1
BIKF-EIKN,0,1,1
BIKF-EIKY,0,1,1
BIKF-EIWT,1,0,1
BIKF-EKAH,0,1,1
BIKF-EKOD,1,0,1
BIKF-EKSB,1,0,1
BIKF-ENCN,0,1,1
BIKF-ENSB,1,0,1
BIKF-ESMK,0,1,1
BIKF-ESOE,0,1,1
BIKF-ESPA,1,0,1
BIKF-ESSP,1,0,1
BIRK-EFKK,1,0,1
BIRK-EGAC,1,0,1
BIRK-EGAE,0,1,1
BIRK-EGBB,1,0,1
BIRK-EGNR,0,1,1
BIRK-EGSS,0,1,1
BIRK-EGTB,1,0,1
BIRK-EGTE,0,1,1
BIRK-EICK,1,0,1
BIRK-EIDL,0,1,1
BIRK-ENAT,0,1,1
BIRK-ENEV,0,1,1
BIRK-ENKJ,1,0,1
EEEI-EFTU,1,0,1
EEEI-EFUT,1,0,1
EEEI-EGUL,0,1,1
EEEI-EKCH,0,1,1
EEEI-ENOL,1,0,1
EEEI-ESSA,0,1,1
EEKA-EEPU,1,0,1
EEKA-EFHK,1,0,1
EEKA-EFIK,1,0,1
EEKA-EFRY,0,1,1
EEKA-ESSW,1,0,1
EEKE-EFHV,0,1,1
EEKE-EFMA,0,1,1
EEKE-EVRS,0,1,1
EEPU-EFHV,1,0,1
EEPU-EFLA,0,1,1
EEPU-EFLP,0,1,1
EEPU-EFPR,1,0,1
EEPU-ESOW,1,0,1
EEPU-ESSB,1,0,1
EEPU-ESSP,0,1,1
EEPU-ESSV,0,1,1
EEPU-EVVA,1,0,1
EERE-EFIM,0,1,1
EETN-EFLP,1,0,1
EETN-EFRO,1,0,1
EETN-EFVA,0,1,1
EETN-EGAA,0,1,1
EETN-EGGP,0,1,1
EETN-EGHH,1,0,1
EETN-EGHQ,1,0,1
EETN-EGNS,0,1,1
EETN-EGTE,1,0,1
EETN-EGUN,0,1,1
EETN-EKOD,0,1,1
EETN-EKSB,0,1,1
EETN-EKYT,0,1,1
EETN-ENAT,1,0,1
EETN-ENBR,1,0,1
EETN-ENVA,0,1,1
EETN-ENZV,1,0,1
EETN-ESIB,0,1,1
EETN-ESKS,1,0,1
EETN-EVLI,0,1,1
EETU-EFPR,0,1,1
EETU-EGGW,0,1,1
EETU-EGLF,1,0,1
EETU-EKBI,1,0,1
EETU-ESCM,0,1,1
EETU-ESME,0,1,1
EETU-ESMS,1,0,1
EFAL-EVRS,1,0,1
EFET-EFIV,1,0,1
EFET-EFJO,1,0,1
EFET-EFRO,0,1,1
EFET-EFTU,0,1,1
EFET-EGGD,0,1,1
EFET-ENBR,1,0,1
EFET-ENGM,1,0,1
EFET-ESSB,0,1,1
EFHA-EFKI,1,0,1
EFHA-EFKT,0,1,1
EFHA-EFLP,0,1,1
EFHA-EFVA,0,1,1
EFHK-EFHV,0,1,1
EFHK-EFKY,0,1,1
EFHK-EGAA,0,1,1
EFHK-EGAC,0,1,1
EFHK-EGFF,1,0,1
EFHK-EGGP,0,1,1
EFHK-EGNT,0,1,1
EFHK-EKAH,0,1,1
EFHK-EKEB,0,1,1
EFHK-ENAL,1,0,1
EFHK-ENEV,0,1,1
EFHK-ENNA,1,0,1
EFHK-ENZV,1,0,1
EFHK-ESCF,0,1,1
EFHK-ESCM,0,1,1
EFHK-ESMX,1,0,1
EFHK-ESND,0,1,1
EFHK-EVGA,1,0,1
EFHK-EVRS,1,0,1
EFHM-ESNU,1,0,1
EFHV-EFHV,1,0,1
EFHV-EFKE,0,1,1
EFHV-EFLA,1,0,1
EFHV-EFRO,1,0,1
EFHV-EFSA,1,0,1
EFII-ESSA,1,0,1
EFIK-EFIK,1,0,1
EFIK-ESSP,1,0,1
EFIM-EFJO,0,1,1
EFIM-EFRO,1,0,1
EFIM-EFTU,1,0,1
EFIM-ESKN,0,1,1
EFIV-EFPO,0,1,1
EFIV-EGCC,1,0,1
EFIV-EGNM,1,0,1
EFIV-EGNR,0,1,1
EFIV-EGNS,0,1,1
EFIV-ENDU,1,0,1
EFIV-ENGM,1,0,1
EFIV-ENHV,1,0,1
EFIV-ESOW,1,0,1
EFIV-ESSA,0,1,1
EFJM-ESNU,0,1,1
EFJO-EFJO,1,0,1
EFJO-EFKE,1,0,1
EFJO-EFKI,1,0,1
EFJO-EFOU,0,1,1
EFJO-EFRO,1,0,1
EFJO-EFVA,1,0,1
EFJO-EGNJ,0,1,1
EFJO-EKVJ,1,0,1
EFJO-ENTC,0,1,1
EFJO-ESGG,1,0,1
EFJO-ESMS,0,1,1
EFJO-ESND,0,1,1
EFJO-ESNU,1,0,1
EFJO-ESSL,0,1,1
EFJO-EVRA,0,1,1
EFJV-EFSI,1,0,1
EFJY-EKBI,0,1,1
EFJY-EKYT,0,1,1
EFJY-ENRK,1,0,1
EFJY-ESDF,1,0,1
EFJY-ESMS,1,0,1
EFJY-EVRA,1,0,1
EFKA-EFOU,1,0,1
EFKA-EFRO,0,1,1
EFKE-EFOU,1,0,1
EFKE-ESNG,0,1,1
EFKE-ESNS,1,0,1
EFKE-ESSA,1,0,1
EFKI-EFOU,0,1,1
EFKI-EFPO,0,1,1
EFKK-EFKU,1,0,1
EFKK-EGCC,1,0,1
EFKK-EGGW,1,0,1
EFKK-EGLF,1,0,1
EFKK-EINN,0,1,1
EFKK-EKVH,0,1,1
EFKK-EKYT,1,0,1
EFKK-ENGM,0,1,1
EFKK-ESSA,1,0,1
EFKK-EVRA,0,1,1
EFKS-EFRO,1,0,1
EFKS-EFTP,1,0,1
EFKS-EGKB,0,1,1
EFKS-EGPF,0,1,1
EFKS-ESSA,0,1,1
EFKT-EFKT,1,0,1
EFKT-EFNU,0,1,1
EFKT-EGBB,0,1,1
EFKT-EGKB,1,0,1
EFKT-EKCH,1,0,1
EFKT-ENEV,0,1,1
EFKT-ENVA,1,0,1
EFKT-ESNK,1,0,1
EFKT-ESNZ,0,1,1
EFKT-ESUP,0,1,1
EFKU-EFSA,1,0,1
EFKU-EKYT,0,1,1
EFKU-ENCN,1,0,1
EFKU-ENVA,0,1,1
EFKU-ESCF,1,0,1
EFKU-ESKN,1,0,1
EFKU-ESNU,1,0,1
EFKU-ESOK,1,0,1
EFKU-EVGA,0,1,1
EFKY-EFMA,0,1,1
EFLA-EFLP,0,1,1
EFLA-EFSI,1,0,1
EFLA-ESKN,0,1,1
EFLP-EFNU,1,0,1
EFLP-EGGW,0,1,1
EFLP-EGSS,1,0,1
EFLP-ESMQ,0,1,1
EFLP-ESSA,0,1,1
EFMA-EFTV,1,0,1
EFMA-EGLF,1,0,1
EFMA-EKRK,1,0,1
EFMA-EKRN,0,1,1
EFMA-ENEV,0,1,1
EFMA-ESGG,1,0,1
EFMA-ESMS,1,0,1
EFMA-ESPA,0,1,1
EFMA-ESSD,0,1,1
EFMA-ESSP,1,0,1
EFMA-ESTL,0,1,1
EFMI-EFTU,1,0,1
EFMI-EGGW,1,0,1
EFMI-ESSA,0,1,1
EFNU-EFPO,1,0,1
EFNU-EFPU,1,0,1
EFNU-EFSO,0,1,1
EFNU-EVRS,1,0,1
EFOU-EFPU,0,1,1
EFOU-EGAA,1,0,1
EFOU-EGHI,0,1,1
EFOU-EGKB,0,1,1
EFOU-EGWU,1,0,1
EFOU-EKRN,1,0,1
EFOU-ENAL,1,0,1
EFOU-ENAT,0,1,1
EFOU-ENHV,1,0,1
EFOU-ENZV,1,0,1
EFOU-ESMS,0,1,1
EFOU-ESMX,0,1,1
EFOU-ESNL,1,0,1
EFOU-ESNZ,0,1,1
EFOU-ESPA,1,0,1
EFOU-ESSV,0,1,1
EFPO-EFSI,1,0,1
EFPO-EKEB,1,0,1
EFPO-ESKN,1,0,1
EFPO-ESMQ,0,1,1
EFPR-EFTP,1,0,1
EFRO-EFSO,0,1,1
EFRO-EFUT,1,0,1
EFRO-EGKB,1,0,1
EFRO-EGNM,0,1,1
EFRO-EGPK,0,1,1
EFRO-EGSH,0,1,1
EFRO-EGXW,0,1,1
EFRO-ENAL,1,0,1
EFRO-ENDU,0,1,1
EFRO-ESKN,1,0,1
EFRO-ESNX,0,1,1
EFRO-ESOE,1,0,1
EFSA-EFTU,0,1,1
EFSA-ESSB,0,1,1
EFSI-ESMS,1,0,1
EFSI-ESNU,1,0,1
EFSI-ESSA,0,1,1
EFSI-ESSB,1,0,1
EFSO-ESPA,0,1,1
EFTP-EGCC,0,1,1
EFTP-EGNM,1,0,1
EFTP-EGPH,1,0,1
EFTP-EGVN,0,1,1
EFTP-EGWU,1,0,1
EFTP-EKAH,1,0,1
EFTP-EKSA,1,0,1
EFTP-EKSN,0,1,1
EFTP-ENBO,1,0,1
EFTP-ENBR,1,0,1
EFTP-ENNA,0,1,1
EFTP-ESGG,1,0,1
EFTP-ESNK,0,1,1
EFTP-ESNN,1,0,1
EFTP-ESNO,1,0,1
EFTP-ESNZ,1,0,1
EFTP-ESOE,1,0,1
EFTP-ESSE,0,1,1
EFTU-EFVA,1,0,1
EFTU-EGMC,0,1,1
EFTU-EGPE,1,0,1
EFTU-EKOD,1,0,1
EFTU-EKRN,0,1,1
EFTU-EKYT,1,0,1
EFTU-ENKJ,1,0,1
EFTU-ENRY,1,0,1
EFTU-ENSO,0,1,1
EFTU-ENVA,1,0,1
EFTU-ESGG,1,0,1
EFTU-ESGT,0,1,1
EFTU-ESMK,1,0,1
EFTU-ESMQ,0,1,1
EFTU-ESNN,0,1,1
EFTU-ESNZ,0,1,1
EFTU-ESPA,0,1,1
EFTU-ESSE,1,0,1
EFTU-ESSP,1,0,1
EFUT-EGUN,0,1,1
EFUT-EKRK,1,0,1
EFUT-ENRY,0,1,1
EFVA-EFVA,1,0,1
EFVA-EGPH,0,1,1
EFVA-ENGM,0,1,1
EFVA-ENKJ,0,1,1
EFVA-ENRK,1,0,1
EFVA-ENVA,1,0,1
EFVA-ESGG,1,0,1
EFVA-ESNN,1,0,1
EFVA-ESSL,1,0,1
EFVA-EVRA,1,0,1
EGAA-EGBW,0,1,1
EGAA-EGEO,1,0,1
EGAA-EGHL,1,0,1
EGAA-EGLC,0,1,1
EGAA-EGLD,1,0,1
EGAA-EGNC,1,0,1
EGAA-EGSF,0,1,1
EGAA-EGVN,1,0,1
EGAA-EGYD,1,0,1
EGAA-EIME,0,1,1
EGAA-EISG,1,0,1
EGAA-EKRK,0,1,1
EGAA-ESGG,1,0,1
EGAA-ESIB,1,0,1
EGAA-ESSB,1,0,1
EGAA-EVRA,1,0,1
EGAB-EGGP,0,1,1
EGAB-EGGW,1,0,1
EGAB-EGNM,0,1,1
EGAB-EGNR,0,1,1
EGAB-EGSS,1,0,1
EGAB-EGTF,0,1,1
EGAB-EGTK,1,0,1
EGAB-EIKY,0,1,1
EGAB-EIWT,1,0,1
EGAC-EGHL,1,0,1
EGAC-EGMC,0,1,1
EGAC-EGNH,0,1,1
EGAC-EGVN,1,0,1
EGAC-EIKY,0,1,1
EGAC-ENBR,0,1,1
EGAC-ESGG,1,0,1
EGAC-ESMS,0,1,1
EGAD-EGNR,1,0,1
EGAD-EIWF,1,0,1
EGAD-EKEB,1,0,1
EGAD-EKYT,0,1,1
EGAD-ENBR,1,0,1
EGAE-EGAE,1,0,1
EGAE-EGBJ,1,0,1
EGAE-EGEC,0,1,1
EGAE-EGGD,0,1,1
EGAE-EGHH,0,1,1
EGAE-EGMC,1,0,1
EGAE-EGNE,1,0,1
EGAE-EGNM,1,0,1
EGAE-EGNR,1,0,1
EGAE-EGNX,1,0,1
EGAE-EGPC,1,0,1
EGAE-EGPO,1,0,1
EGAE-EGQL,1,0,1
EGAE-EGSC,1,0,1
EGAE-EGTR,0,1,1
EGAE-EGWU,0,1,1
EGAE-EICK,0,1,1
EGAE-EIKN,0,1,1
EGAE-EINN,0,1,1
EGAE-EIWF,0,1,1
EGAE-EIWT,1,0,1
EGBB-EGCW,1,0,1
EGBB-EGFH,0,1,1
EGBB-EGLK,1,0,1
EGBB-EGPO,0,1,1
EGBB-EGQS,1,0,1
EGBB-EGSL,0,1,1
EGBB-EGTC,1,0,1
EGBB-EGUL,1,0,1
EGBB-EGXC,0,1,1
EGBB-EIWT,0,1,1
EGBB-ENDU,1,0,1
EGBB-ENTO,1,0,1
EGBB-ENVA,1,0,1
EGBB-ENZV,0,1,1
EGBB-ESGT,0,1,1
EGBB-ESMK,1,0,1
EGBE-EGEC,1,0,1
EGBE-EGHE,0,1,1
EGBE-EGHQ,1,0,1
EGBE-EGMC,1,0,1
EGBE-EGNH,1,0,1
EGBE-EGNS,0,1,1
EGBF-EGMC,1,0,1
EGBF-EIDL,0,1,1
EGBG-EGGP,1,0,1
EGBG-EGJA,0,1,1
EGBG-EGKB,1,0,1
EGBG-EGNT,1,0,1
EGBG-EGTF,0,1,1
EGBG-EIWT,0,1,1
EGBJ-EGBK,0,1,1
EGBJ-EGBN,0,1,1
EGBJ-EGBP,0,1,1
EGBJ-EGBW,1,0,1
EGBJ-EGHF,1,0,1
EGBJ-EGHG,1,0,1
EGBJ-EGPE,0,1,1
EGBJ-EGPR,0,1,1
EGBJ-EGSR,0,1,1
EGBJ-EGSS,1,0,1
EGBJ-EGSX,1,0,1
EGBJ-EGUW,0,1,1
EGBJ-EGWU,0,1,1
EGBJ-EKEB,0,1,1
EGBJ-EKRN,0,1,1
EGBJ-EKVJ,0,1,1
EGBJ-ENBR,1,0,1
EGBJ-ENML,0,1,1
EGBK-EGMC,1,0,1
EGBK-EGNH,0,1,1
EGBK-EGNV,1,0,1
EGBK-EGPE,1,0,1
EGBK-EGPK,1,0,1
EGBK-EGWC,0,1,1
EGBM-EGHQ,1,0,1
EGBM-EGJA,1,0,1
EGBM-EGNM,1,0,1
EGBN-EGMC,1,0,1
EGBN-EGNM,0,1,1
EGBN-EGPC,1,0,1
EGBN-EICK,1,0,1
EGBO-EGCC,1,0,1
EGBO-EGHH,0,1,1
EGBO-EGNJ,0,1,1
EGBO-EGTF,1,0,1
EGBO-EGTK,1,0,1
EGBO-EIKY,1,0,1
EGBP-EGGP,0,1,1
EGBP-EGJB,0,1,1
EGBP-EGLL,0,1,1
EGBP-EGNE,1,0,1
EGBP-EGNJ,1,0,1
EGBP-EGPD,1,0,1
EGBP-EGSG,1,0,1
EGBP-EGTK,0,1,1
EGBP-EINN,0,1,1
EGBP-EIWF,1,0,1
EGBP-ESSB,0,1,1
EGBP-ESTA,0,1,1
EGBS-EGJJ,0,1,1
EGBS-EGTF,0,1,1
EGBS-EGTR,1,0,1
EGBT-EGHH,1,0,1
EGBT-EGKA,0,1,1
EGBT-EGNR,1,0,1
EGBT-EGNS,0,1,1
EGBT-ENBR,0,1,1
EGBW-EGMD,1,0,1
EGBW-EGNH,1,0,1
EGBW-EGNM,1,0,1
EGBW-EGSH,1,0,1
EGBW-EGWU,1,0,1
EGCB-EGHH,0,1,1
EGCB-EGLD,1,0,1
EGCB-EGLK,0,1,1
EGCB-EGNS,1,0,1
EGCC-EGMD,0,1,1
EGCC-EGNC,1,0,1
EGCC-EGPG,1,0,1
EGCC-EGQS,0,1,1
EGCC-EGSY,0,1,1
EGCC-EIWF,0,1,1
EGCC-EKEB,1,0,1
EGCC-EKOD,0,1,1
EGCC-ENKR,1,0,1
EGCC-ESGJ,0,1,1
EGCF-EGPC,1,0,1
EGCJ-EGNE,0,1,1
EGCJ-EGPT,1,0,1
EGCK-EGHF,0,1,1
EGCK-EGKA,0,1,1
EGCK-EGKB,0,1,1
EGCK-EGNE,1,0,1
EGCK-EGPN,1,0,1
EGCK-EGTB,0,1,1
EGCL-EGNS,1,0,1
EGCM-EGHF,0,1,1
EGCM-EGHI,0,1,1
EGCM-EGNS,0,1,1
EGCM-EGNX,0,1,1
EGCM-EGPH,1,0,1
EGCM-EGPK,1,0,1
EGCM-EGPT,0,1,1
EGCM-EGSY,1,0,1
EGCM-EGTR,0,1,1
EGCM-EIDW,1,0,1
EGCV-EGPT,1,0,1
EGCW-EGSG,0,1,1
EGCW-EGTU,1,0,1
EGDM-EGGP,1,0,1
EGDM-EGHH,0,1,1
EGDM-EGSS,0,1,1
EGDM-EGTK,1,0,1
EGDM-EGYD,0,1,1
EGDR-EGHI,0,1,1
EGDR-EGKB,1,0,1
EGDR-EGNT,1,0,1
EGDR-EGPH,1,0,1
EGDR-EGPK,0,1,1
EGDR-EGSC,1,0,1
EGDY-EGMC,0,1,1
EGDY-EGYD,0,1,1
EGEC-EGPB,1,0,1
EGEC-EGPD,0,1,1
EGEC-EGPK,0,1,1
EGEC-EGWU,1,0,1
EGEC-EKBI,0,1,1
EGEL-EGPF,0,1,1
EGEO-EGLF,1,0,1
EGEO-EGPE,1,0,1
EGEO-EGPG,0,1,1
EGEO-EGPK,1,0,1
EGEO-EGPL,1,0,1
EGEO-EGPO,1,0,1
EGEO-EGSA,1,0,1
EGEO-EGTE,0,1,1
EGEO-EGTR,1,0,1
EGEO-ENBR,0,1,1
EGET-EGPB,1,0,1
EGET-EGPE,0,1,1
EGET-EGPH,0,1,1
EGET-EGPO,1,0,1
EGET-EKVG,1,0,1
EGFA-EGUB,1,0,1
EGFC-EGFF,1,0,1
EGFD-EGMD,0,1,1
EGFE-EGHI,0,1,1
EGFE-EGLF,0,1,1
EGFE-EGNE,1,0,1
EGFE-EGNJ,0,1,1
EGFE-EGPD,1,0,1
EGFE-EGPI,1,0,1
EGFE-EGSC,1,0,1
EGFE-EGSY,1,0,1
EGFE-EGYM,1,0,1
EGFF-EGHE,1,0,1
EGFF-EGMC,1,0,1
EGFF-EGNO,1,0,1
EGFF-EGPI,0,1,1
EGFF-EGPN,0,1,1
EGFF-EGSY,0,1,1
EGFF-EGTB,1,0,1
EGFF-EGUN,0,1,1
EGFF-EGVO,0,1,1
EGFF-EGXW,1,0,1
EGFF-EIKY,0,1,1
EGFF-EIME,0,1,1
EGFF-EIWT,0,1,1
EGFF-EKRN,1,0,1
EGFF-ENDU,1,0,1
EGFF-ENGM,1,0,1
EGFF-ESOW,1,0,1
EGFH-EGTR,0,1,1
EGGD-EGLL,0,1,1
EGGD-EGNR,0,1,1
EGGD-EGPB,1,0,1
EGGD-EGPC,0,1,1
EGGD-EGSY,1,0,1
EGGD-EGTP,1,0,1
EGGD-EGUN,1,0,1
EGGD-EGXW,1,0,1
EGGD-EICA,1,0,1
EGGD-EIKY,1,0,1
EGGD-EINN,1,0,1
EGGD-ENAL,1,0,1
EGGD-ENZV,0,1,1
EGGD-ESGG,1,0,1
EGGP-EGKR,1,0,1
EGGP-EGLD,0,1,1
EGGP-EGLL,0,1,1
EGGP-EGPT,1,0,1
EGGP-EGSR,1,0,1
EGGP-EGSX,1,0,1
EGGP-EGTB,1,0,1
EGGP-EGTD,0,1,1
EGGP-EIWF,1,0,1
EGGP-EKBI,1,0,1
EGGP-EKVG,1,0,1
EGGP-ENEV,0,1,1
EGGW-EGHL,0,1,1
EGGW-EGMD,0,1,1
EGGW-EGNO,0,1,1
EGGW-EGPB,1,0,1
EGGW-EGPC,0,1,1
EGGW-EGQL,0,1,1
EGGW-EGTC,0,1,1
EGGW-EIWT,1,0,1
EGGW-EKEB,0,1,1
EGGW-EKKA,1,0,1
EGGW-ENHD,0,1,1
EGGW-ENRO,1,0,1
EGGW-ESMK,0,1,1
EGGW-ESMX,1,0,1
EGGW-ESNN,1,0,1
EGHC-EGJB,1,0,1
EGHC-EGKB,1,0,1
EGHC-EGPG,0,1,1
EGHC-EICA,0,1,1
EGHE-EGHQ,1,0,1
EGHE-EGKB,0,1,1
EGHE-EGLF,1,0,1
EGHE-EGLK,1,0,1
EGHE-EGNH,0,1,1
EGHE-EGTU,1,0,1
EGHE-EICK,1,0,1
EGHF-EGHG,1,0,1
EGHF-EGHH,1,0,1
EGHF-EGJJ,1,0,1
EGHF-EGLF,1,0,1
EGHF-EGMC,0,1,1
EGHF-EGNJ,0,1,1
EGHF-EGNM,0,1,1
EGHG-EGTE,0,1,1
EGHH-EGNC,0,1,1
EGHH-EGPC,0,1,1
EGHH-EGPG,1,0,1
EGHH-EGPI,1,0,1
EGHH-EGPK,1,0,1
EGHH-EGST,0,1,1
EGHH-EIKN,1,0,1
EGHH-EKBI,1,0,1
EGHH-EKCH,1,0,1
EGHH-ENAL,0,1,1
EGHH-ENZV,0,1,1
EGHH-ESGT,0,1,1
EGHH-EVRA,1,0,1
EGHI-EGLL,0,1,1
EGHI-EGMC,0,1,1
EGHI-EGPL,0,1,1
EGHI-EGTB,0,1,1
EGHI-EGTF,1,0,1
EGHI-EGTR,0,1,1
EGHI-EIKY,0,1,1
EGHI-EIWF,0,1,1
EGHI-EKCH,0,1,1
EGHI-EKSB,0,1,1
EGHI-EKYT,1,0,1
EGHI-ENZV,0,1,1
EGHI-ESKN,1,0,1
EGHI-ESNX,0,1,1
EGHI-ESPA,1,0,1
EGHJ-EGLD,1,0,1
EGHJ-EGMD,0,1,1
EGHL-EGLF,1,0,1
EGHL-EGPF,1,0,1
EGHO-EGNT,1,0,1
EGHO-EGPE,1,0,1
EGHO-EGTC,0,1,1
EGHO-EIAB,0,1,1
EGHP-EGPU,0,1,1
EGHQ-EGJA,1,0,1
EGHQ-EGLD,0,1,1
EGHQ-EGPB,0,1,1
EGHQ-EGPD,1,0,1
EGHQ-EGSG,0,1,1
EGHQ-EGTO,0,1,1
EGHQ-EGVN,0,1,1
EGHQ-EICK,0,1,1
EGHQ-EINN,1,0,1
EGHQ-EKYT,1,0,1
EGHQ-ENAL,0,1,1
EGHQ-ESSA,1,0,1
EGHQ-ESSB,0,1,1
EGHQ-EVRA,1,0,1
EGHR-EGHR,1,0,1
EGHR-EGKB,1,0,1
EGHR-EGNC,0,1,1
EGHR-EGNM,0,1,1
EGHR-EGNR,1,0,1
EGHR-EGNX,0,1,1
EGHR-EGTF,0,1,1
EGHR-EGTK,0,1,1
EGHR-EKBI,1,0,1
EGHR-EKCH,0,1,1
EGJA-EGLM,0,1,1
EGJA-EGSX,1,0,1
EGJB-EGLC,0,1,1
EGJB-EGLW,0,1,1
EGJB-EGPO,0,1,1
EGJB-EGQL,1,0,1
EGJB-EGSL,1,0,1
EGJB-EGXW,0,1,1
EGJB-EIKY,1,0,1
EGJB-EISG,1,0,1
EGJB-EKYT,1,0,1
EGJB-ENZV,0,1,1
EGJB-ESMS,0,1,1
EGJB-ESSB,0,1,1
EGJJ-EGMD,1,0,1
EGJJ-EGOW,0,1,1
EGJJ-EGPC,1,0,1
EGJJ-EGSF,0,1,1
EGJJ-EGSX,0,1,1
EGJJ-EIAB,1,0,1
EGJJ-EIKN,0,1,1
EGJJ-EKRK,1,0,1
EGJJ-EKRN,1,0,1
EGJJ-EKYT,1,0,1
EGJJ-ENBR,0,1,1
EGJJ-ENOL,0,1,1
EGJJ-EVRA,0,1,1
EGKA-EGMA,0,1,1
EGKA-EGNM,0,1,1
EGKA-EGOQ,1,0,1
EGKA-EGPD,1,0,1
EGKA-EGPF,1,0,1
EGKA-EGPH,0,1,1
EGKA-EGSX,0,1,1
EGKA-EICK,0,1,1
EGKA-EIWF,1,0,1
EGKA-EIWT,1,0,1
EGKA-EKYT,1,0,1
EGKA-ENBR,0,1,1
EGKB-EGNC,1,0,1
EGKB-EGPA,0,1,1
EGKB-EGTP,0,1,1
EGKB-EGVN,0,1,1
EGKB-EISG,0,1,1
EGKB-EKEB,1,0,1
EGKB-EKSP,0,1,1
EGKB-EKVG,0,1,1
EGKB-ENAL,1,0,1
EGKB-ENAT,0,1,1
EGKB-ENBO,0,1,1
EGKB-ENZV,0,1,1
EGKB-ESGT,1,0,1
EGKB-ESNN,0,1,1
EGKH-EGNM,0,1,1
EGKK-EGMC,0,1,1
EGKK-EGNH,1,0,1
EGKK-EGSY,1,0,1
EGKK-EIKY,1,0,1
EGKK-EIWT,1,0,1
EGKK-EKKA,0,1,1
EGKK-ENAL,0,1,1
EGKK-ENSB,0,1,1
EGKR-EGTE,0,1,1
EGLC-EGNV,0,1,1
EGLC-EGPK,0,1,1
EGLC-EGSC,0,1,1
EGLC-EGTC,0,1,1
EGLC-EKKA,0,1,1
EGLC-ENBR,0,1,1
EGLC-ESDF,1,0,1
EGLC-ESMS,0,1,1
EGLC-ESNZ,1,0,1
EGLC-ESSA,1,0,1
EGLC-EVRA,1,0,1
EGLD-EGLF,1,0,1
EGLD-EGMC,1,0,1
EGLD-EGMD,0,1,1
EGLD-EGNM,1,0,1
EGLD-EGNS,1,0,1
EGLD-EGPC,1,0,1
EGLD-EGTE,1,0,1
EGLD-EGTF,1,0,1
EGLD-EICK,0,1,1
EGLD-EKCH,1,0,1
EGLD-ESNZ,0,1,1
EGLF-EGMD,1,0,1
EGLF-EKAH,0,1,1
EGLF-EKRN,0,1,1
EGLF-ESKN,0,1,1
EGLF-ESMK,1,0,1
EGLF-ESMT,1,0,1
EGLF-ESMX,1,0,1
EGLF-ESSP,0,1,1
EGLK-EGNV,1,0,1
EGLK-EGPH,1,0,1
EGLK-EGXW,1,0,1
EGLK-EIKN,1,0,1
EGLK-EIKY,1,0,1
EGLK-EINN,0,1,1
EGLK-EIWF,1,0,1
EGLK-EIWT,0,1,1
EGLK-EKBI,1,0,1
EGLL-EGNM,0,1,1
EGLL-EGPC,1,0,1
EGLL-EGSH,0,1,1
EGLL-EGSY,1,0,1
EGLL-EGTK,1,0,1
EGLL-EGWU,0,1,1
EGLL-ENKR,0,1,1
EGLL-ESSB,1,0,1
EGLM-EGOV,1,0,1
EGLM-EGSH,0,1,1
EGLP-EGPU,0,1,1
EGMA-EGNH,0,1,1
EGMA-EGNR,1,0,1
EGMC-EGNE,0,1,1
EGMC-EGNV,1,0,1
EGMC-EGPG,1,0,1
EGMC-EGSX,0,1,1
EGMC-EGVN,0,1,1
EGMC-EKCH,0,1,1
EGMC-ENBR,1,0,1
EGMC-ENOL,1,0,1
EGMD-EGNE,0,1,1
EGMD-EGNS,0,1,1
EGMD-EGPC,0,1,1
EGMD-EGSY,0,1,1
EGMD-EGTE,0,1,1
EGMD-EGTP,1,0,1
EGMD-EGVN,0,1,1
EGMD-EINN,0,1,1
EGMT-EGNT,1,0,1
EGNC-EGNJ,1,0,1
EGNC-EGNR,1,0,1
EGNC-EGTK,1,0,1
EGNC-EIWF,1,0,1
EGNE-EGNX,0,1,1
EGNE-EGPA,0,1,1
EGNE-EGPB,0,1,1
EGNE-EGSS,1,0,1
EGNE-EGSY,0,1,1
EGNE-EGWU,0,1,1
EGNG-EIKH,0,1,1
EGNG-EIKY,0,1,1
EGNH-EGPA,0,1,1
EGNH-EGPD,0,1,1
EGNH-EGSV,1,0,1
EGNH-EGSY,0,1,1
EGNH-EGVN,1,0,1
EGNJ-EGPB,0,1,1
EGNJ-EGPI,0,1,1
EGNJ-EGPL,0,1,1
EGNJ-EGSF,0,1,1
EGNJ-EGSX,0,1,1
EGNJ-EGXE,0,1,1
EGNJ-EGYM,1,0,1
EGNJ-EICK,0,1,1
EGNJ-ENBR,0,1,1
EGNJ-ENZV,1,0,1
EGNJ-ESGG,0,1,1
EGNJ-ESSB,1,0,1
EGNJ-ESSP,1,0,1
EGNM-EGPC,0,1,1
EGNM-EGSV,0,1,1
EGNM-EGTB,1,0,1
EGNM-EGVN,0,1,1
EGNM-EGXW,0,1,1
EGNM-EGYE,0,1,1
EGNM-EIWF,1,0,1
EGNM-EIWT,1,0,1
EGNM-ENKR,0,1,1
EGNM-ESNQ,1,0,1
EGNM-ESSA,0,1,1
EGNM-ESSB,0,1,1
EGNO-EGNX,0,1,1
EGNO-EGPK,1,0,1
EGNO-EGXE,0,1,1
EGNR-EGNR,1,0,1
EGNR-EGPI,1,0,1
EGNR-EGPO,0,1,1
EGNR-EGTC,1,0,1
EGNR-EGTR,1,0,1
EGNR-EKCH,1,0,1
EGNR-ENBR,1,0,1
EGNR-ENML,1,0,1
EGNS-EGPC,0,1,1
EGNS-EGPR,1,0,1
EGNS-EGSH,1,0,1
EGNS-EGTE,0,1,1
EGNS-EICK,1,0,1
EGNS-EIME,1,0,1
EGNS-EINN,1,0,1
EGNS-EKBI,1,0,1
EGNS-EKRK,0,1,1
EGNS-EKSB,0,1,1
EGNS-EKYT,1,0,1
EGNS-ENBR,0,1,1
EGNT-EGPI,0,1,1
EGNT-EGTW,0,1,1
EGNT-EIKY,0,1,1
EGNT-ESMX,1,0,1
EGNT-ESNQ,1,0,1
EGNT-ESSP,0,1,1
EGNV-EGPA,0,1,1
EGNV-EGPI,1,0,1
EGNV-EGPL,1,0,1
EGNV-EGPO,1,0,1
EGNV-EGSU,0,1,1
EGNV-EGUW,1,0,1
EGNV-EKYT,1,0,1
EGNV-ESNX,0,1,1
EGNV-ESPA,0,1,1
EGNV-ESSA,0,1,1
EGNX-EGSG,0,1,1
EGNX-EGSX,1,0,1
EGNX-EGSY,1,0,1
EGNX-EIAB,1,0,1
EGNX-EIWT,0,1,1
EGNX-ENTO,1,0,1
EGNX-ESDF,0,1,1
EGNX-ESGJ,0,1,1
EGNX-ESMS,0,1,1
EGNX-ESMX,0,1,1
EGNX-ESOE,0,1,1
EGNX-ESOW,0,1,1
EGOP-EGSC,1,0,1
EGOS-EGOV,0,1,1
EGOS-EGUB,1,0,1
EGOS-EGUW,0,1,1
EGOS-EGVO,1,0,1
EGOV-EGQS,0,1,1
EGOV-EGTE,0,1,1
EGPA-EGPI,0,1,1
EGPA-ENAL,1,0,1
EGPA-ENZV,0,1,1
EGPB-EGPB,1,0,1
EGPB-EGPI,0,1,1
EGPB-EGQS,1,0,1
EGPB-EIDW,1,0,1
EGPB-ENBO,0,1,1
EGPB-ENZV,1,0,1
EGPC-EGPI,1,0,1
EGPC-EGSC,1,0,1
EGPC-EGSH,0,1,1
EGPC-EGSS,0,1,1
EGPC-EGTE,1,0,1
EGPC-EGTR,1,0,1
EGPC-EGTU,0,1,1
EGPC-EGXW,0,1,1
EGPC-EICK,0,1,1
EGPC-EKKA,1,0,1
EGPC-EKRN,1,0,1
EGPD-EGQS,0,1,1
EGPD-EGTC,0,1,1
EGPD-EICK,0,1,1
EGPD-EIKY,1,0,1
EGPD-EKSB,0,1,1
EGPD-ESGT,0,1,1
EGPD-ESMS,0,1,1
EGPD-ESPA,0,1,1
EGPE-EGPR,0,1,1
EGPE-EGSC,1,0,1
EGPE-EGTB,0,1,1
EGPE-EGVN,1,0,1
EGPE-EGYD,0,1,1
EGPE-EIKN,1,0,1
EGPE-EKSN,1,0,1
EGPE-ENBR,0,1,1
EGPE-ENGM,1,0,1
EGPE-EVRA,1,0,1
EGPF-EGSF,1,0,1
EGPF-EGXW,0,1,1
EGPF-EIME,0,1,1
EGPF-EKAH,1,0,1
EGPF-ENCN,1,0,1
EGPF-ESMS,1,0,1
EGPF-ESNZ,1,0,1
EGPF-ESOE,1,0,1
EGPG-EIWT,1,0,1
EGPH-EGPL,1,0,1
EGPH-EGST,0,1,1
EGPH-EGUN,0,1,1
EGPH-EGYD,0,1,1
EGPH-EKEB,0,1,1
EGPH-EKSB,1,0,1
EGPH-EKYT,0,1,1
EGPH-ENBO,1,0,1
EGPH-ESIB,1,0,1
EGPH-ESMK,0,1,1
EGPI-EGPL,1,0,1
EGPI-EGPO,0,1,1
EGPI-EGSS,1,0,1
EGPI-EIDW,0,1,1
EGPI-EKOD,0,1,1
EGPJ-EGTB,1,0,1
EGPK-EGPU,1,0,1
EGPK-EGTC,1,0,1
EGPK-EGTF,1,0,1
EGPK-EGTR,1,0,1
EGPK-EIKY,1,0,1
EGPK-EIWF,0,1,1
EGPK-EKBI,0,1,1
EGPK-EKCH,1,0,1
EGPK-EKRN,0,1,1
EGPK-ENBR,1,0,1
EGPK-ENDU,1,0,1
EGPK-ENEV,0,1,1
EGPK-ENRY,1,0,1
EGPK-ENTC,1,0,1
EGPK-ENTO,0,1,1
EGPK-ENVA,1,0,1
EGPL-EGPL,1,0,1
EGPL-EGPU,1,0,1
EGPL-EGSH,0,1,1
EGPL-EGSS,1,0,1
EGPL-EIKY,1,0,1
EGPL-ENAN,0,1,1
EGPN-EGPO,0,1,1
EGPN-EGSC,0,1,1
EGPN-EGTB,1,0,1
EGPN-EIDL,0,1,1
EGPN-EIKN,1,0,1
EGPN-EIME,0,1,1
EGPN-EIWF,1,0,1
EGPN-ENHD,0,1,1
EGPN-ENZV,0,1,1
EGPO-EGPR,1,0,1
EGPO-EGSS,0,1,1
EGPO-EGSU,1,0,1
EGPO-EGWU,1,0,1
EGPO-EGXW,0,1,1
EGPO-EICK,1,0,1
EGPO-EIWF,0,1,1
EGPO-EKRK,0,1,1
EGPO-EKVG,1,0,1
EGPO-EKYT,1,0,1
EGPO-ESGG,0,1,1
EGPT-EGSG,0,1,1
EGPT-EGSH,0,1,1
EGPT-EGSX,0,1,1
EGPT-EGTR,1,0,1
EGPU-EGXW,1,0,1
EGQL-EGUN,1,0,1
EGQL-EKCH,0,1,1
EGQS-EGXE,0,1,1
EGQS-EGYD,0,1,1
EGQS-EGYM,0,1,1
EGQS-EKBI,0,1,1
EGQS-EKCH,1,0,1
EGQS-ENCN,0,1,1
EGQS-ENGM,0,1,1
EGSC-EGSC,1,0,1
EGSC-EGTF,1,0,1
EGSC-EGUN,0,1,1
EGSC-EGWU,0,1,1
EGSC-EICK,1,0,1
EGSC-EKBI,1,0,1
EGSC-ESMS,0,1,1
EGSC-ESOW,1,0,1
EGSG-EGTE,1,0,1
EGSH-EGSU,1,0,1
EGSH-EGTO,1,0,1
EGSH-EINN,1,0,1
EGSH-EKVG,0,1,1
EGSH-ENAL,0,1,1
EGSH-ESSA,1,0,1
EGSH-ESSB,0,1,1
EGSJ-EIKY,0,1,1
EGSM-EGTU,0,1,1
EGSR-EGTE,1,0,1
EGSS-EGVA,1,0,1
EGSS-EIWT,1,0,1
EGSS-EKKA,1,0,1
EGSS-EKOD,1,0,1
EGSS-EKSB,1,0,1
EGSS-EKVG,0,1,1
EGSS-ENZV,0,1,1
EGSS-ESMK,1,0,1
EGSS-ESMS,0,1,1
EGSS-ESNQ,0,1,1
EGSS-ESNS,0,1,1
EGSS-ESNZ,1,0,1
EGSU-EGTC,1,0,1
EGSU-EGTF,1,0,1
EGSU-EICK,0,1,1
EGSU-EIWF,1,0,1
EGSX-EGSX,1,0,1
EGSX-EGTC,1,0,1
EGSX-EIKN,1,0,1
EGSX-EKSN,0,1,1
EGSY-EGTK,0,1,1
EGSY-EGXW,0,1,1
EGSY-EINN,1,0,1
EGSY-EIWT,0,1,1
EGSY-ESGT,1,0,1
EGTB-EGTE,1,0,1
EGTC-EGTF,0,1,1
EGTD-EGTE,1,0,1
EGTE-EGTU,0,1,1
EGTE-EGVN,1,0,1
EGTE-EGYM,0,1,1
EGTE-EINN,1,0,1
EGTE-EKAH,1,0,1
EGTE-EKSB,0,1,1
EGTE-EKYT,1,0,1
EGTE-ENBR,0,1,1
EGTE-ENDU,0,1,1
EGTE-ENNA,1,0,1
EGTE-ENTO,0,1,1
EGTE-ESSB,0,1,1
EGTF-EIAB,1,0,1
EGTF-EICK,1,0,1
EGTF-ENHD,1,0,1
EGTF-ENZV,0,1,1
EGTK-EGXW,1,0,1
EGTK-EIDL,0,1,1
EGTK-EIME,1,0,1
EGTK-EKEB,1,0,1
EGTK-EKYT,0,1,1
EGTK-ENTO,0,1,1
EGTK-ENZV,1,0,1
EGTK-ESKN,0,1,1
EGTK-ESMT,0,1,1
EGTK-ESOK,0,1,1
EGTK-ESPA,1,0,1
EGTK-ESTA,1,0,1
EGTR-EINN,0,1,1
EGUB-EGWU,1,0,1
EGUL-EINN,1,0,1
EGUN-EGVN,1,0,1
EGUN-EIME,1,0,1
EGUN-ENEV,0,1,1
EGUN-ESSA,0,1,1
EGUW-EGYD,0,1,1
EGVN-EGXE,1,0,1
EGVN-EGXT,0,1,1
EGVN-EICK,1,0,1
EGVN-EINN,0,1,1
EGVN-ENZV,1,0,1
EGVN-ESSA,1,0,1
EGVN-ESSB,1,0,1
EGWU-EGXT,0,1,1
EGWU-EKYT,1,0,1
EGWU-ENKR,1,0,1
EGWU-ESMK,0,1,1
EGWU-ESNN,1,0,1
EGWU-ESNX,1,0,1
EGWU-ESNZ,1,0,1
EGWU-ESOE,0,1,1
EGWU-ESPA,0,1,1
EGXE-EKCH,0,1,1
EGXT-EKCH,1,0,1
EGXW-ESGG,1,0,1
EGYE-EGYE,1,0,1
EIAB-EICK,1,0,1
EIAB-EIKN,1,0,1
EIAB-EINN,1,0,1
EIBR-EINN,1,0,1
EICA-EICA,1,0,1
EICK-EIDL,1,0,1
EICK-EINC,1,0,1
EICK-EKCH,1,0,1
EICK-EKRN,0,1,1
EICK-ENEV,1,0,1
EICK-ESMS,1,0,1
EICK-EVRA,1,0,1
EICM-EICM,1,0,1
EIDG-EIDG,1,0,1
EIDG-EIKN,0,1,1
EIDL-EIKN,0,1,1
EIDL-EINN,1,0,1
EIDL-EISG,0,1,1
EIDW-EIWT,1,0,1
EIDW-EKAH,0,1,1
EIDW-EKSB,0,1,1
EIDW-EKTS,1,0,1
EIDW-EKVG,0,1,1
EIDW-ENCN,0,1,1
EIDW-ENTO,0,1,1
EIDW-ENZV,1,0,1
EIDW-ESKS,1,0,1
EIDW-ESNQ,0,1,1
EIDW-ESNS,1,0,1
EIDW-ESOE,1,0,1
EIDW-ESTA,0,1,1
EIKY-ENVA,0,1,1
EIKY-ESNX,1,0,1
EIME-EVRA,1,0,1
EIMH-ESGG,1,0,1
EIMH-ESSB,0,1,1
EINN-EKKA,0,1,1
EINN-EKRK,0,1,1
EINN-EKRN,0,1,1
EINN-EKSP,1,0,1
EINN-EKYT,1,0,1
EINN-ENZV,0,1,1
EINN-ESGG,1,0,1
EINN-ESGT,0,1,1
EINN-ESOE,1,0,1
EINN-ESSB,1,0,1
EINN-ESTA,1,0,1
EISG-EIWF,0,1,1
EIWF-ESGT,1,0,1
EIWF-ESSB,0,1,1
EIWT-EKVG,0,1,1
EIWT-ESSL,1,0,1
EKAC-EKRK,0,1,1
EKAE-EKAE,1,0,1
EKAH-EKAT,0,1,1
EKAH-EKGH,0,1,1
EKAH-ENBR,1,0,1
EKAH-ENFL,0,1,1
EKAH-ENHD,0,1,1
EKAH-ESGJ,0,1,1
EKAH-ESNZ,1,0,1
EKAH-ESPA,1,0,1
EKAH-ESST,0,1,1
EKAT-ESGV,0,1,1
EKAV-EKEB,1,0,1
EKBI-ENBO,0,1,1
EKBI-ENFL,0,1,1
EKBI-ENKR,0,1,1
EKBI-ENSN,1,0,1
EKBI-ESME,1,0,1
EKBI-ESMF,1,0,1
EKBI-ESMK,0,1,1
EKBI-ESMQ,0,1,1
EKBI-ESMT,0,1,1
EKBI-ESSL,0,1,1
EKBI-ESTL,1,0,1
EKCH-EKSP,1,0,1
EKCH-ENAN,0,1,1
EKCH-ENDU,0,1,1
EKCH-ENEV,0,1,1
EKCH-ENKR,0,1,1
EKCH-ENSO,0,1,1
EKCH-ESKN,0,1,1
EKCH-ESNN,1,0,1
EKCH-ESSD,0,1,1
EKCH-ESSV,1,0,1
EKEB-EKVJ,0,1,1
EKEB-ENBN,0,1,1
EKEB-ENBO,1,0,1
EKEB-ENEV,1,0,1
EKEB-ENGK,0,1,1
EKEB-ENRK,1,0,1
EKEB-ESEZ,1,0,1
EKEB-ESGT,0,1,1
EKEB-ESSA,0,1,1
EKEB-ESSP,0,1,1
EKEB-ESSV,1,0,1
EKGH-EKGH,1,0,1
EKGH-EKLS,1,0,1
EKGH-EKRK,1,0,1
EKGH-EKYT,0,1,1
EKHA-EKSB,1,0,1
EKHG-EKVJ,1,0,1
EKHG-ESGE,1,0,1
EKHG-ESKN,0,1,1
EKHG-EVRS,0,1,1
EKHV-EKRK,1,0,1
EKKA-EKOD,0,1,1
EKKA-EKRD,0,1,1
EKKA-ENRY,1,0,1
EKKA-ENZV,1,0,1
EKKO-EKSB,1,0,1
EKLS-EKSB,0,1,1
EKLS-ENSM,0,1,1
EKMB-EKRK,0,1,1
EKMB-EKYT,1,0,1
EKMB-ENSN,0,1,1
EKMB-ENTO,0,1,1
EKMB-ESGK,0,1,1
EKMB-ESSP,0,1,1
EKOD-EKSV,0,1,1
EKOD-EKVJ,1,0,1
EKOD-ENBO,0,1,1
EKOD-ENDU,1,0,1
EKOD-ENEG,1,0,1
EKOD-ENML,0,1,1
EKOD-ENRK,1,0,1
EKOD-ESDF,0,1,1
EKOD-ESMQ,0,1,1
EKOD-ESNZ,1,0,1
EKOD-ESSV,1,0,1
EKRH-EKYT,0,1,1
EKRK-EKRS,0,1,1
EKRK-EKST,1,0,1
EKRK-EKVA,0,1,1
EKRK-ENBO,1,0,1
EKRK-ENDU,0,1,1
EKRK-ENEV,1,0,1
EKRK-ENML,1,0,1
EKRK-ESDF,1,0,1
EKRK-ESGL,0,1,1
EKRK-ESGR,1,0,1
EKRK-ESMH,0,1,1
EKRK-ESNL,1,0,1
EKRK-ESSD,0,1,1
EKRK-EVAD,1,0,1
EKRN-EKRN,1,0,1
EKRN-ENBO,0,1,1
EKRN-ENCN,1,0,1
EKRN-ENGK,0,1,1
EKRN-ENSN,0,1,1
EKRN-ENTO,0,1,1
EKRN-ESMS,0,1,1
EKRN-ESMT,1,0,1
EKRN-ESTL,1,0,1
EKRS-EKRS,1,0,1
EKSA-ESSB,0,1,1
EKSB-EKST,0,1,1
EKSB-ENTO,0,1,1
EKSB-ESMQ,0,1,1
EKSB-ESNN,1,0,1
EKSB-ESSA,1,0,1
EKSN-EKSS,1,0,1
EKSN-EKVB,1,0,1
EKSN-ENBR,0,1,1
EKSN-ESKN,0,1,1
EKSN-ESSB,1,0,1
EKSP-ENTO,0,1,1
EKSP-ESCF,1,0,1
EKSP-ESIB,0,1,1
EKSP-ESSB,0,1,1
EKST-ENRK,1,0,1
EKVD-ENGM,1,0,1
EKVD-ESGT,0,1,1
EKVD-ESMT,1,0,1
EKVG-ENHD,0,1,1
EKVG-ENKB,0,1,1
EKVG-ESSA,0,1,1
EKVG-ESTA,0,1,1
EKVH-ENHD,1,0,1
EKVH-ESDF,0,1,1
EKVJ-EKVJ,1,0,1
EKVJ-ESGP,0,1,1
EKVJ-ESSB,0,1,1
EKVJ-ESSL,0,1,1
EKYT-ENAT,1,0,1
EKYT-ENJB,1,0,1
EKYT-ENML,0,1,1
EKYT-ENTC,0,1,1
EKYT-ESGE,0,1,1
EKYT-ESIB,0,1,1
EKYT-ESNS,1,0,1
EKYT-ESNZ,0,1,1
EKYT-ESSD,0,1,1
ENAL-ENAT,0,1,1
ENAL-ENEV,1,0,1
ENAL-ENFL,1,0,1
ENAL-ENKJ,0,1,1
ENAL-ENRA,1,0,1
ENAL-ENRM,1,0,1
ENAL-ENSB,1,0,1
ENAL-ENSK,0,1,1
ENAL-ENST,1,0,1
ENAL-ESNQ,1,0,1
ENAL-ESPA,0,1,1
ENAL-ESTA,1,0,1
ENAN-ENOL,1,0,1
ENAN-ENRY,0,1,1
ENAN-ENVA,1,0,1
ENAN-ESSB,1,0,1
ENAR-ENBG,1,0,1
ENAR-ENTO,1,0,1
ENAT-ENFA,1,0,1
ENAT-ENKB,1,0,1
ENAT-ENLK,0,1,1
ENAT-ENTO,1,0,1
ENAT-ENUG,0,1,1
ENAT-ESGG,1,0,1
ENAT-ESNZ,1,0,1
ENAT-ESOE,1,0,1
ENAT-ESUT,0,1,1
ENBE-ENHM,0,1,1
ENBH-ENSF,0,1,1
ENBL-ENBO,1,0,1
ENBL-ENRK,1,0,1
ENBL-ENRY,1,0,1
ENBM-ENCN,0,1,1
ENBM-ENSG,1,0,1
ENBN-ENBR,0,1,1
ENBN-ENDU,0,1,1
ENBN-ENFL,1,0,1
ENBN-ENNM,0,1,1
ENBN-ENOP,1,0,1
ENBN-ENSG,1,0,1
ENBO-ENFL,0,1,1
ENBO-ENGN,0,1,1
ENBO-ENHD,1,0,1
ENBO-ENHE,0,1,1
ENBO-ENKB,0,1,1
ENBO-ENKJ,0,1,1
ENBO-ENML,1,0,1
ENBO-ENNA,1,0,1
ENBO-ENOV,0,1,1
ENBO-ENRK,1,0,1
ENBO-ESKS,0,1,1
ENBO-ESNN,0,1,1
ENBO-ESNU,0,1,1
ENBO-ESOK,0,1,1
ENBO-ESSP,0,1,1
ENBR-ENBX,0,1,1
ENBR-ENEG,1,0,1
ENBR-ENJB,0,1,1
ENBR-ENKR,0,1,1
ENBR-ENNO,0,1,1
ENBR-ENRA,0,1,1
ENBR-ENSH,1,0,1
ENBR-ENSO,1,0,1
ENBR-ENWI,0,1,1
ENBR-ESMK,1,0,1
ENBR-ESMQ,1,0,1
ENBR-ESNQ,1,0,1
ENBR-ESNU,1,0,1
ENBR-ESPA,0,1,1
ENBR-ESSD,1,0,1
ENBV-ENHV,0,1,1
ENBX-ENGA,0,1,1
ENBX-ENGC,0,1,1
ENBX-ENSE,0,1,1
ENCN-ENHA,1,0,1
ENCN-ENKB,0,1,1
ENCN-ENKJ,0,1,1
ENCN-ENLI,0,1,1
ENCN-ENLK,1,0,1
ENCN-ENML,0,1,1
ENCN-ENOV,1,0,1
ENCN-ESGT,1,0,1
ENCN-ESKN,0,1,1
ENCN-ESME,0,1,1
ENCN-ESMS,1,0,1
ENCN-ESNS,0,1,1
ENCN-ESNZ,0,1,1
ENCN-ESOH,0,1,1
ENCN-ESOK,0,1,1
ENCN-ESSP,1,0,1
ENCN-ESUT,1,0,1
ENDP-ENXW,1,0,1
ENDR-ENUC,1,0,1
ENDU-ENDU,1,0,1
ENDU-ENFL,1,0,1
ENDU-ENHV,0,1,1
ENDU-ENNA,0,1,1
ENDU-ENNM,1,0,1
ENDU-ENOL,1,0,1
ENDU-ENOV,0,1,1
ENDU-ENRY,0,1,1
ENDU-ENSH,1,0,1
ENDU-ESMT,0,1,1
ENDU-ESNM,0,1,1
ENDU-ESOE,1,0,1
ENDU-ESSD,0,1,1
ENDU-ESSP,0,1,1
ENDU-EVRA,1,0,1
ENEG-ENGM,0,1,1
ENEG-ENSD,1,0,1
ENEG-ENTO,1,0,1
ENEG-ENVA,1,0,1
ENEV-ENHF,1,0,1
ENEV-ENNA,0,1,1
ENEV-ENTO,0,1,1
ENEV-ENZV,0,1,1
ENEV-ESMS,1,0,1
ENEV-ESMT,1,0,1
ENEV-ESNU,1,0,1
ENEV-ESPA,1,0,1
ENEV-ESSL,0,1,1
ENFB-ENFB,1,0,1
ENFB-ENQC,1,0,1
ENFB-ENQK,1,0,1
ENFB-ENQW,1,0,1
ENFL-ENKB,0,1,1
ENFL-ENKJ,1,0,1
ENFL-ENOL,0,1,1
ENFL-ENQC,1,0,1
ENFL-ENSF,0,1,1
ENFL-ENSO,1,0,1
ENFL-ENTC,0,1,1
ENGA-ENQB,1,0,1
ENGA-ENQC,1,0,1
ENGA-ENQR,1,0,1
ENGA-ENQV,1,0,1
ENGA-ENQW,1,0,1
ENGC-ENOC,0,1,1
ENGC-ENQA,1,0,1
ENGC-ENQL,0,1,1
ENGC-ENQM,1,0,1
ENGK-ENOV,1,0,1
ENGK-ESOH,1,0,1
ENGM-ENKJ,1,0,1
ENGM-ENNO,1,0,1
ENGM-ENRM,0,1,1
ENGM-ESDF,1,0,1
ENGM-ESGP,0,1,1
ENGM-ESMK,0,1,1
ENGM-ESMQ,1,0,1
ENGM-ESMX,1,0,1
ENGM-ESNS,0,1,1
ENGM-ESOW,0,1,1
ENHA-ENTO,0,1,1
ENHA-ESMG,0,1,1
ENHA-ESNZ,1,0,1
ENHA-ESOK,1,0,1
ENHD-ENKB,0,1,1
ENHD-ENKJ,0,1,1
ENHD-ENLE,0,1,1
ENHD-ENML,0,1,1
ENHD-ENOP,0,1,1
ENHD-ENSG,0,1,1
ENHD-ENSL,0,1,1
ENHD-ENSO,0,1,1
ENHD-ENTC,0,1,1
ENHD-ESDF,1,0,1
ENHD-ESGG,0,1,1
ENHD-ESNU,0,1,1
ENHE-ENUN,0,1,1
ENHE-ENVA,0,1,1
ENHF-ENLK,1,0,1
ENHF-ENSK,1,0,1
ENHF-ENVA,1,0,1
ENHK-ENHV,1,0,1
ENHK-ENMH,1,0,1
ENHM-ENSL,0,1,1
ENHV-ENLK,1,0,1
ENHV-ENNA,0,1,1
ENHV-ENSK,1,0,1
ENHV-ESPA,0,1,1
ENJB-ENRK,0,1,1
ENJB-ESGJ,1,0,1
ENJB-ESNZ,1,0,1
ENJB-ESSL,0,1,1
ENJS-ENXO,1,0,1
ENKB-ENOV,0,1,1
ENKB-ENRM,0,1,1
ENKB-ENSG,1,0,1
ENKB-ENTR,0,1,1
ENKB-ENUN,0,1,1
ENKB-ESPA,0,1,1
ENKJ-ENNM,0,1,1
ENKJ-ENRI,1,0,1
ENKJ-ENRK,1,0,1
ENKJ-ENSG,1,0,1
ENKJ-ENSO,1,0,1
ENKJ-ESNN,0,1,1
ENKJ-ESNS,0,1,1
ENKJ-ESSA,1,0,1
ENKR-ENLK,1,0,1
ENKR-ESSA,1,0,1
ENKR-ESSP,1,0,1
ENLA-ENLE,0,1,1
ENLE-ENLE,1,0,1
ENLE-ENSX,1,0,1
ENLE-ENWV,0,1,1
ENLI-ENSN,0,1,1
ENLK-ENNM,0,1,1
ENLK-ENSH,1,0,1
ENLK-ENTO,1,0,1
ENLK-ENZV,1,0,1
ENLK-ESNZ,1,0,1
ENMH-ENNA,1,0,1
ENMH-ENSS,0,1,1
ENML-ENOL,0,1,1
ENML-ENRA,0,1,1
ENML-ENUC,0,1,1
ENML-ESSP,0,1,1
ENMS-ENRM,1,0,1
ENMS-ENSK,0,1,1
ENMS-ESSP,1,0,1
ENNA-ESNZ,1,0,1
ENNA-ESSP,1,0,1
ENNE-ENST,1,0,1
ENNM-ESNZ,1,0,1
ENNO-ENNO,1,0,1
ENNO-ENZV,1,0,1
ENNO-ESGT,1,0,1
ENNO-ESNZ,0,1,1
ENNO-ESOW,0,1,1
ENOA-ENOA,1,0,1
ENOA-ENQS,0,1,1
ENOA-ENQW,1,0,1
ENOA-ENSE,1,0,1
ENOC-ENQB,0,1,1
ENOC-ENQC,1,0,1
ENOC-ENQD,1,0,1
ENOL-ENRY,1,0,1
ENOL-ESMT,1,0,1
ENOL-ESSL,0,1,1
ENOL-ESSP,0,1,1
ENOP-ESNX,0,1,1
ENOV-ESGG,1,0,1
ENOV-ESSB,0,1,1
ENOV-ESUM,0,1,1
ENQA-ENQD,0,1,1
ENQA-ENQG,0,1,1
ENQA-ENQO,0,1,1
ENQA-ENQS,1,0,1
ENQA-ENSF,1,0,1
ENQB-ENQE,1,0,1
ENQB-ENQO,0,1,1
ENQB-ENQS,1,0,1
ENQB-ENZV,1,0,1
ENQC-ENQS,1,0,1
ENQC-ENSF,0,1,1
ENQC-ENZV,1,0,1
ENQD-ENQG,0,1,1
ENQD-ENQW,1,0,1
ENQE-ENQL,1,0,1
ENQE-ENSF,0,1,1
ENQG-ENQR,1,0,1
ENQG-ENQV,1,0,1
ENQJ-ENQR,0,1,1
ENQJ-ENQV,0,1,1
ENQJ-ENSE,1,0,1
ENQK-ENQV,1,0,1
ENQS-ENQS,1,0,1
ENQW-ENSF,0,1,1
ENRA-ENTO,1,0,1
ENRI-ESNZ,1,0,1
ENRK-ENRM,0,1,1
ENRK-ENSH,1,0,1
ENRK-ESOK,0,1,1
ENRK-ESPA,1,0,1
ENRK-ESSB,1,0,1
ENRM-ESSA,1,0,1
ENRM-ESSD,0,1,1
ENRO-ESKM,1,0,1
ENRO-ESMT,0,1,1
ENRO-ESOE,0,1,1
ENRS-ENSK,0,1,1
ENSB-ENSB,1,0,1
ENSB-ESSB,1,0,1
ENSE-ENSF,0,1,1
ENSG-ENSG,1,0,1
ENSG-ENSO,0,1,1
ENSG-ESSP,1,0,1
ENSG-EVRA,0,1,1
ENSH-ENST,1,0,1
ENSH-ESMT,1,0,1
ENSL-ENXW,1,0,1
ENSN-ENSO,1,0,1
ENSN-ENZV,1,0,1
ENSN-ESOK,1,0,1
ENSN-ESSL,1,0,1
ENSO-ENVA,0,1,1
ENST-ENUB,0,1,1
ENST-ENUS,0,1,1
ENST-ENZV,1,0,1
ENSX-ENXW,0,1,1
ENTC-ESDF,0,1,1
ENTC-ESMS,0,1,1
ENTC-ESNV,0,1,1
ENTC-ESNZ,0,1,1
ENTC-ESSB,0,1,1
ENTC-ESSL,0,1,1
ENTC-ESSP,0,1,1
ENTC-EVRA,1,0,1
ENTO-ESKM,1,0,1
ENTO-ESKS,0,1,1
ENTO-ESNZ,0,1,1
ENTO-ESOH,1,0,1
ENTO-ESSU,1,0,1
ENTR-ENUB,0,1,1
ENTR-ENUN,0,1,1
ENTX-ENTX,1,0,1
ENUA-ENUN,1,0,1
ENUB-ENUB,1,0,1
ENUC-ENUR,0,1,1
ENUH-ESHL,0,1,1
ENUK-ENUR,0,1,1
ENVA-ESDF,0,1,1
ENVA-ESGP,0,1,1
ENVA-ESKN,0,1,1
ENVA-ESKS,0,1,1
ENVA-ESNG,0,1,1
ENVA-ESNO,0,1,1
ENVA-ESOE,0,1,1
ENVA-ESOK,0,1,1
ENVA-ESOW,0,1,1
ENVA-ESSL,1,0,1
ENVA-ESSV,0,1,1
ENVR-ENVR,1,0,1
ENWG-ENWK,0,1,1
ENWK-ENXW,0,1,1
ENWV-ENXJ,0,1,1
ENXH-ENXJ,1,0,1
ENZV-ESGP,0,1,1
ENZV-ESKM,1,0,1
ENZV-ESNS,1,0,1
ENZV-ESNU,0,1,1
ENZV-ESNZ,1,0,1
ENZV-ESOK,0,1,1
ENZV-ESOW,1,0,1
ENZV-ESSU,0,1,1
ESCF-ESKN,1,0,1
ESCF-ESNN,0,1,1
ESCF-ESNZ,0,1,1
ESCF-EVRA,1,0,1
ESCM-ESCM,1,0,1
ESCM-ESEW,0,1,1
ESCM-ESGT,1,0,1
ESCM-ESHB,0,1,1
ESCM-ESHQ,0,1,1
ESCM-ESIA,0,1,1
ESCM-ESJL,1,0,1
ESCM-ESMQ,1,0,1
ESCM-ESMT,0,1,1
ESCM-ESMV,0,1,1
ESCM-ESNG,1,0,1
ESCM-ESNY,0,1,1
ESCM-ESOW,0,1,1
ESDF-ESGT,0,1,1
ESDF-ESIA,1,0,1
ESDF-ESKM,0,1,1
ESDF-ESMK,0,1,1
ESDF-ESMT,1,0,1
ESDF-ESMX,1,0,1
ESDF-ESNK,1,0,1
ESDF-ESNN,0,1,1
ESDF-ESNU,1,0,1
ESDF-ESNX,0,1,1
ESDF-ESOK,0,1,1
ESDF-ESSP,0,1,1
ESDF-ESSU,1,0,1
ESEB-ESHK,0,1,1
ESEB-ESHS,1,0,1
ESEB-ESSL,1,0,1
ESED-ESHU,0,1,1
ESEF-ESSB,1,0,1
ESEM-ESHK,1,0,1
ESEM-ESHO,1,0,1
ESEM-ESMQ,0,1,1
ESEQ-ESES,1,0,1
ESEY-ESNU,1,0,1
ESFA-ESGP,0,1,1
ESGE-ESMT,1,0,1
ESGE-ESNH,0,1,1
ESGG-ESGL,1,0,1
ESGG-ESHQ,0,1,1
ESGG-ESNL,0,1,1
ESGJ-ESHK,0,1,1
ESGJ-ESOK,0,1,1
ESGJ-ESSX,0,1,1
ESGJ-ESTA,1,0,1
ESGK-ESMI,1,0,1
ESGK-ESOW,0,1,1
ESGL-ESGL,1,0,1
ESGL-ESNS,1,0,1
ESGL-ESSB,1,0,1
ESGM-ESGT,1,0,1
ESGO-ESOW,1,0,1
ESGP-ESHO,0,1,1
ESGP-ESJL,0,1,1
ESGP-ESME,1,0,1
ESGP-ESMF,0,1,1
ESGP-ESMK,0,1,1
ESGP-ESMQ,0,1,1
ESGP-ESNK,1,0,1
ESGP-ESNZ,1,0,1
ESGP-EVRA,1,0,1
ESGR-ESKK,1,0,1
ESGR-ESOW,0,1,1
ESGR-ESSB,1,0,1
ESGR-ESSK,1,0,1
ESGT-ESGV,0,1,1
ESGT-ESML,0,1,1
ESGT-ESMX,0,1,1
ESGT-ESNK,0,1,1
ESGT-ESNL,0,1,1
ESGT-ESST,1,0,1
ESGT-EVRA,1,0,1
ESGV-ESGV,1,0,1
ESGV-ESNA,1,0,1
ESGV-ESNM,0,1,1
ESGV-ESTT,1,0,1
ESHB-ESHQ,0,1,1
ESHB-ESSA,1,0,1
ESHB-ESSD,1,0,1
ESHK-ESHK,1,0,1
ESHK-ESHS,0,1,1
ESHK-ESSA,1,0,1
ESHK-ESSU,0,1,1
ESHO-ESSD,0,1,1
ESHU-ESOE,1,0,1
ESIA-ESKN,0,1,1
ESIB-ESKM,1,0,1
ESIB-ESNZ,1,0,1
ESIB-ESPE,1,0,1
ESIB-ESUT,1,0,1
ESKC-ESKT,0,1,1
ESKC-ESSD,1,0,1
ESKC-ESSV,0,1,1
ESKC-ESVB,1,0,1
ESKG-ESKN,1,0,1
ESKG-ESMK,0,1,1
ESKM-ESKN,1,0,1
ESKM-ESMX,1,0,1
ESKM-ESND,1,0,1
ESKM-ESNN,0,1,1
ESKM-ESOE,0,1,1
ESKM-ESOH,0,1,1
ESKM-ESSP,1,0,1
ESKM-ESSV,0,1,1
ESKM-ESTA,1,0,1
ESKN-ESKS,0,1,1
ESKN-ESNK,0,1,1
ESKN-ESNS,1,0,1
ESKN-ESST,1,0,1
ESKN-ESSU,1,0,1
ESKN-ESTT,0,1,1
ESKS-ESMK,1,0,1
ESKS-ESMT,0,1,1
ESKS-ESOK,0,1,1
ESKS-ESOW,1,0,1
ESMC-ESSL,1,0,1
ESME-ESMG,1,0,1
ESME-ESMQ,0,1,1
ESME-ESMS,1,0,1
ESME-ESMT,1,0,1
ESME-ESMX,1,0,1
ESME-ESOH,0,1,1
ESME-ESSE,1,0,1
ESME-ESST,1,0,1
ESME-ESSV,1,0,1
ESME-ESTA,1,0,1
ESMG-ESMG,1,0,1
ESMG-ESMK,1,0,1
ESMG-ESMS,0,1,1
ESMG-ESMV,0,1,1
ESMG-ESOK,0,1,1
ESMG-ESSU,0,1,1
ESMH-ESMK,1,0,1
ESMH-ESUJ,0,1,1
ESMI-ESMK,1,0,1
ESMK-ESMX,0,1,1
ESMK-ESOW,1,0,1
ESMK-ESSD,0,1,1
ESMK-ESSP,1,0,1
ESML-ESML,1,0,1
ESMQ-ESMT,0,1,1
ESMQ-ESNO,0,1,1
ESMQ-ESOE,0,1,1
ESMS-ESNO,0,1,1
ESMS-ESNV,1,0,1
ESMS-ESSF,1,0,1
ESMS-ESST,1,0,1
ESMS-ESVK,0,1,1
ESMS-EVLA,1,0,1
ESMS-EVRS,1,0,1
ESMT-ESMX,0,1,1
ESMT-ESNO,0,1,1
ESMT-EVRA,0,1,1
ESMU-ESOW,0,1,1
ESMV-ESSA,0,1,1
ESMX-ESNK,1,0,1
ESMX-ESNZ,1,0,1
ESMX-ESST,1,0,1
ESMX-ESTA,1,0,1
ESMY-ESMY,1,0,1
ESMY-ESNS,0,1,1
ESMY-ESNU,1,0,1
ESMY-ESSB,1,0,1
ESNC-ESOE,1,0,1
ESND-ESNO,0,1,1
ESND-ESNS,0,1,1
ESND-ESST,0,1,1
ESNG-ESNS,1,0,1
ESNG-ESSD,1,0,1
ESNG-ESSP,0,1,1
ESNG-ESSU,0,1,1
ESNG-ESTA,1,0,1
ESNH-ESSB,0,1,1
ESNK-ESNL,1,0,1
ESNK-ESPA,1,0,1
ESNL-ESNX,1,0,1
ESNL-ESUT,1,0,1
ESNM-ESOH,0,1,1
ESNN-ESNX,1,0,1
ESNN-ESSD,0,1,1
ESNN-ESUT,1,0,1
ESNO-ESSP,1,0,1
ESNO-ESSU,1,0,1
ESNO-ESUT,0,1,1
ESNQ-ESNQ,1,0,1
ESNQ-ESNS,0,1,1
ESNQ-ESNX,0,1,1
ESNQ-ESOE,1,0,1
ESNQ-ESSD,1,0,1
ESNQ-ESTA,0,1,1
ESNU-ESNV,1,0,1
ESNU-ESSN,0,1,1
ESNU-ESSU,1,0,1
ESNV-ESSP,0,1,1
ESNX-ESNX,1,0,1
ESNX-ESOW,0,1,1
ESNX-ESTL,0,1,1
ESNX-ESUT,1,0,1
ESNZ-ESST,1,0,1
ESNZ-ESSV,1,0,1
ESOE-ESOH,1,0,1
ESOE-ESOK,0,1,1
ESOE-ESSN,0,1,1
ESOE-ESTA,1,0,1
ESOK-ESSU,1,0,1
ESOW-ESSK,0,1,1
ESOW-ESUJ,1,0,1
ESOW-ESVB,0,1,1
ESOW-ESVS,1,0,1
ESSB-ESSW,0,1,1
ESSB-ESUP,1,0,1
ESSB-EVAD,0,1,1
ESSB-EVRS,1,0,1
ESSE-ESVB,0,1,1
ESSN-ESSP,0,1,1
ESSN-ESTF,0,1,1
ESSP-ESST,1,0,1
ESSP-ESTL,1,0,1
ESST-ESSU,0,1,1
ESSV-EVGA,0,1,1
ESSV-EVLA,0,1,1
ESSV-EVRS,0,1,1
ESSV-EVVA,0,1,1
ESSZ-ESSZ,1,0,1
ESTT-ESTT,1,0,1
EVGA-EVVA,0,1,1
EVLA-EVRS,1,0,1
EVLI-EVRS,1,0,1
